100 1000 1585
36 66
34 69
54 45
60 67
35 58
67 54
50 54
35 49
68 60
37 68
42 51
49 58
35 70
51 49
32 62
58 62
54 68
52 56
35 52
45 39
36 43
37 53
66 68
46 36
67 59
58 57
56 39
54 70
64 34
31 51
61 46
49 53
30 47
42 33
63 47
40 62
62 57
68 41
70 63
48 48
41 58
64 70
30 62
31 69
44 35
55 39
41 40
57 52
57 43
50 58
56 58
40 63
58 69
51 40
48 47
42 70
54 70
47 57
32 42
65 52
61 39
51 32
47 39
67 36
38 33
32 65
35 40
47 47
43 42
47 41
67 30
41 39
57 65
52 47
67 57
66 43
44 32
30 61
64 63
51 33
69 30
35 37
58 43
48 30
45 55
54 64
63 67
41 30
35 53
66 39
64 65
70 70
48 44
54 59
38 36
49 56
52 43
60 41
62 38
43 37
