100 1000 1470
34 52
60 60
50 35
41 65
67 30
37 41
43 69
49 56
30 39
34 42
57 36
70 61
32 32
33 40
44 33
48 50
68 61
40 63
43 57
68 64
68 40
39 50
65 41
61 36
68 48
45 70
59 50
44 65
45 32
33 48
57 38
53 62
57 62
69 49
31 58
61 62
45 43
62 66
67 65
46 53
59 65
64 34
52 66
69 48
47 33
62 37
55 46
65 59
65 36
59 36
64 35
68 56
44 30
31 61
55 43
52 61
42 46
57 51
68 34
41 67
55 60
51 50
54 36
67 47
45 59
67 36
41 66
46 33
44 42
50 48
53 65
65 33
63 43
70 43
58 70
32 44
36 53
52 59
55 44
67 34
46 39
32 34
63 34
35 58
66 52
50 64
49 58
59 41
66 52
55 55
57 70
57 37
62 66
37 50
39 59
42 70
46 51
35 44
65 59
63 30
