100 1000 1614
59 54
36 65
63 53
68 61
53 46
43 61
54 35
34 43
64 40
62 59
49 58
49 54
47 40
48 50
61 60
68 56
60 59
43 37
41 46
49 31
59 31
47 31
31 62
37 62
59 66
60 47
40 52
45 41
51 32
59 49
43 46
40 43
43 62
67 65
46 35
66 32
55 40
59 43
47 39
45 48
45 70
53 70
33 67
46 66
32 60
32 43
30 67
62 53
45 61
56 51
35 70
67 39
61 48
48 46
45 58
50 55
59 50
32 50
50 39
53 65
65 42
45 65
61 41
55 59
44 32
31 52
52 50
46 70
59 66
55 41
42 50
48 56
47 35
31 42
59 64
59 33
68 69
36 42
55 42
54 63
32 42
38 36
30 69
63 35
36 51
42 50
56 55
36 60
39 50
55 56
68 37
33 69
39 51
46 30
45 69
57 41
70 60
30 47
46 61
56 36
