100 1000 1604
44 32
55 43
35 43
39 61
47 33
34 30
62 46
51 65
51 34
61 40
40 68
61 39
43 67
57 61
36 65
53 43
66 62
51 31
57 50
65 57
35 70
67 34
53 48
35 52
50 47
66 31
56 41
64 32
59 41
31 66
65 30
36 42
47 57
41 30
33 41
45 67
56 38
69 58
60 40
45 47
52 56
51 37
61 40
42 67
65 31
52 40
31 55
41 55
32 61
60 54
51 36
58 70
52 34
36 53
40 59
44 35
70 47
61 44
45 64
56 62
40 31
40 68
33 59
33 67
54 65
48 56
48 65
69 34
67 43
33 40
63 70
70 56
64 51
49 62
57 32
30 68
65 57
53 50
66 66
57 34
61 64
54 36
55 39
32 43
53 48
61 52
45 38
49 68
54 36
68 30
68 49
57 56
32 69
62 54
70 50
70 57
42 53
49 64
55 40
40 33
