100 1000 1552
59 34
50 43
39 64
64 44
66 51
53 35
55 54
70 52
57 41
56 44
37 35
40 55
54 52
37 37
54 30
58 44
34 52
30 51
47 39
47 60
44 35
61 66
34 49
39 54
47 35
36 56
50 42
56 46
46 51
66 50
47 40
47 36
58 39
32 50
50 45
66 31
42 35
41 64
54 66
30 64
51 51
49 34
36 68
68 66
65 31
30 56
48 48
65 55
31 33
33 64
63 41
30 54
40 62
63 34
32 48
48 43
35 34
58 56
64 37
35 40
45 52
42 61
48 62
58 45
63 62
32 49
48 37
35 53
70 50
48 69
44 59
41 51
34 44
57 38
69 48
39 60
64 70
34 37
32 38
52 56
45 43
32 39
69 39
57 54
69 31
57 59
34 46
61 66
59 30
63 59
66 56
39 70
33 52
36 42
58 34
40 53
52 34
57 36
48 34
42 44
