100 1000 1531
60 58
67 31
40 40
66 53
68 55
46 40
65 61
58 51
60 52
58 57
42 35
55 68
63 42
52 66
67 30
32 41
35 43
50 41
51 38
54 56
33 69
44 33
47 34
59 55
70 52
39 37
41 63
54 48
40 51
49 53
55 40
51 61
44 40
65 58
42 50
30 49
60 49
69 39
68 69
36 59
36 47
58 48
40 33
55 61
54 66
56 34
41 43
58 42
35 42
38 41
34 56
33 58
47 47
51 61
59 59
33 38
58 59
69 53
59 47
31 59
43 33
64 64
34 67
46 42
45 33
39 63
37 55
45 52
60 41
63 69
69 38
37 35
59 68
42 69
58 58
70 38
67 53
59 39
46 60
39 70
30 59
60 35
34 47
47 57
61 55
39 40
57 51
65 53
40 70
49 50
33 68
36 51
65 63
62 34
50 53
64 47
49 45
61 40
54 50
54 37
