100 1000 1456
58 45
51 50
53 55
64 58
38 53
56 43
35 49
51 60
35 40
66 47
56 48
69 30
59 59
69 35
36 62
31 63
54 48
51 42
47 43
52 42
57 59
41 67
40 59
45 35
59 70
56 49
41 39
53 37
52 37
40 30
38 43
53 70
59 44
33 45
44 50
61 34
55 48
70 53
46 44
31 34
63 53
33 69
53 36
58 41
51 62
38 60
31 56
57 40
52 43
37 42
62 67
68 55
68 35
51 61
54 33
34 43
43 45
44 51
64 58
36 52
58 50
49 58
60 36
59 31
34 33
47 30
60 36
38 32
49 63
42 49
50 68
49 67
35 57
49 68
47 67
36 34
52 49
40 67
47 42
56 56
53 36
57 36
44 42
62 58
34 30
56 60
45 48
56 32
39 49
58 32
42 51
63 70
70 46
65 51
47 62
68 63
48 46
34 36
56 70
55 49
