100 1000 1492
63 69
45 39
48 69
48 52
41 67
51 63
43 39
33 45
48 33
41 70
56 46
53 62
57 32
31 32
38 50
47 56
31 36
68 50
34 55
41 65
51 31
59 42
57 41
54 65
37 51
54 69
56 60
60 48
36 61
39 51
32 46
54 67
55 49
65 67
52 45
67 55
69 54
54 39
53 48
33 63
38 42
32 65
58 66
57 45
38 52
69 58
38 43
38 31
33 46
42 48
65 31
40 37
35 34
32 52
62 35
68 64
34 35
66 48
48 67
62 44
60 68
40 43
31 44
48 48
63 59
34 50
30 45
43 61
36 34
57 48
35 47
43 35
42 58
54 34
69 32
46 52
38 41
70 64
64 66
47 65
38 39
68 70
58 55
64 55
54 62
43 41
57 63
48 66
64 64
68 64
67 37
64 51
46 43
44 45
39 63
49 45
62 46
50 50
48 54
46 53
