100 1000 1462
49 36
68 63
66 61
63 70
63 55
67 42
65 43
48 69
41 42
55 56
37 44
42 35
68 40
41 50
42 53
60 58
42 54
60 63
70 54
67 41
47 53
68 58
47 66
66 47
67 60
51 63
51 52
45 51
51 66
37 34
69 54
59 62
42 31
33 39
30 38
62 47
41 67
45 67
42 62
68 50
39 56
65 55
43 34
52 58
34 49
44 36
53 65
51 61
52 59
34 34
31 59
32 67
54 63
66 66
30 45
62 37
61 40
59 34
55 64
56 67
65 34
65 70
65 34
55 68
67 59
60 37
54 45
48 50
54 65
46 44
70 35
65 45
57 48
34 59
59 45
34 50
66 35
37 47
66 45
37 35
55 55
58 51
38 61
46 47
63 48
45 50
30 52
69 41
46 61
32 60
47 53
61 63
45 44
60 37
31 32
52 64
49 59
45 47
60 41
43 68
