100 1000 1499
67 46
68 63
57 69
58 32
55 61
35 66
33 50
67 49
51 47
64 56
62 47
43 56
68 47
55 56
47 56
35 43
54 53
43 32
61 65
69 34
58 51
62 31
46 64
54 59
46 64
33 68
44 43
44 45
40 36
67 50
36 45
51 33
61 64
32 33
68 69
47 58
45 30
53 45
54 69
41 70
61 39
34 46
39 68
39 59
63 40
38 46
35 65
59 30
49 32
59 41
66 50
41 46
47 45
30 47
51 47
55 40
50 44
52 68
63 70
51 36
65 59
50 54
49 37
56 67
39 36
42 31
46 43
35 43
32 45
35 55
55 68
63 46
56 35
36 43
35 48
38 65
37 51
54 31
59 67
44 33
50 57
57 48
69 64
56 67
59 33
32 42
43 53
33 56
37 41
46 50
69 41
47 43
40 31
68 70
42 32
33 34
66 49
59 30
42 67
30 54
