100 1000 1521
70 69
33 46
62 60
37 60
47 56
70 59
32 54
61 51
32 33
70 35
52 38
51 55
46 63
39 40
31 50
47 51
62 45
50 49
61 53
44 54
62 65
45 62
38 54
67 30
31 55
42 65
55 38
69 66
55 57
68 65
47 59
41 53
69 42
61 60
32 43
44 46
61 62
68 51
64 45
60 62
57 37
36 44
64 64
32 51
47 70
62 41
69 40
32 39
45 65
42 52
65 35
61 53
64 49
67 31
69 37
33 33
42 57
65 40
44 57
32 40
45 35
53 37
55 65
49 62
48 54
61 39
33 30
65 47
44 46
42 42
44 68
40 38
34 68
47 70
67 45
34 58
62 53
57 43
34 56
64 52
42 58
60 30
38 43
48 46
34 31
51 45
33 33
46 51
62 49
70 46
49 32
35 36
54 45
39 70
31 55
59 35
43 70
53 47
31 41
56 52
