100 1000 1407
63 66
31 58
64 42
32 31
39 55
46 31
58 54
59 40
47 47
67 47
58 50
64 57
45 39
58 58
58 40
61 60
67 32
42 60
70 34
47 51
65 67
46 47
50 66
38 68
70 54
64 70
53 48
69 39
39 34
64 57
63 69
37 35
65 37
65 49
42 59
52 49
35 46
70 34
38 67
66 45
65 52
54 43
67 43
59 32
40 63
69 51
47 32
56 41
54 46
63 52
30 60
50 53
64 36
39 30
37 33
52 66
33 47
36 54
60 57
63 30
54 54
38 66
56 66
68 31
52 64
33 35
62 36
39 30
68 47
54 30
40 48
30 32
63 66
45 32
38 35
68 70
46 59
63 48
51 54
62 62
56 44
70 47
62 63
56 30
51 53
49 60
62 34
49 57
40 40
37 42
54 55
38 51
47 56
47 66
48 49
38 36
55 51
57 36
54 48
40 59
