100 1000 1554
50 62
49 66
37 48
44 54
62 38
34 60
59 58
49 51
69 35
58 63
40 42
55 30
66 69
32 67
44 43
60 44
39 41
36 31
47 49
33 48
59 51
30 58
30 56
63 64
69 54
67 40
54 45
59 52
31 35
31 64
66 69
38 40
61 54
64 68
70 57
63 44
33 41
51 57
61 42
54 50
30 60
52 70
52 35
33 58
44 38
70 48
48 63
31 35
34 34
46 36
61 50
67 61
66 35
56 51
64 49
30 57
35 67
36 56
32 47
31 45
39 57
62 69
41 36
42 38
49 52
57 48
45 52
65 34
66 55
40 48
66 37
47 55
54 62
47 44
38 47
43 65
67 46
67 56
44 39
42 65
31 63
67 63
56 67
54 38
33 45
59 32
44 32
52 67
45 64
52 41
66 56
66 45
42 45
62 67
56 44
50 51
70 69
37 48
68 40
57 31
