100 1000 1468
64 67
57 38
62 44
32 54
36 56
41 45
34 39
68 64
46 58
39 50
63 66
54 48
57 32
63 51
48 48
33 44
55 49
40 44
66 70
59 46
33 39
35 39
47 55
41 32
56 60
38 42
48 41
64 44
62 49
55 56
45 41
48 70
34 32
67 51
41 55
47 57
45 65
42 61
70 42
70 42
64 46
35 35
31 65
36 43
37 35
48 70
34 36
69 59
59 67
31 45
66 44
67 58
30 36
31 48
58 66
31 66
64 45
69 47
51 67
46 35
61 33
65 43
40 47
70 65
30 32
60 62
36 70
38 37
40 46
40 30
55 30
70 43
68 54
51 37
40 53
67 46
43 31
47 43
68 39
41 69
64 42
37 41
63 33
46 58
54 30
47 49
53 54
48 69
60 45
64 30
51 44
39 44
32 48
54 46
45 49
40 51
37 64
48 47
56 61
68 66
