100 1000 1443
68 34
50 52
57 37
55 50
53 47
41 34
51 32
60 41
50 50
63 45
65 48
44 62
57 62
53 64
36 63
60 32
54 61
35 42
37 37
49 61
65 54
45 41
47 54
58 35
68 44
50 44
41 46
44 42
60 64
38 39
34 37
33 52
62 62
51 46
51 38
54 62
43 38
57 37
56 60
46 34
70 56
50 32
69 57
33 61
48 38
40 34
61 53
63 37
60 45
43 60
56 48
42 47
66 33
35 62
48 32
61 30
42 54
65 38
55 66
42 47
47 70
54 57
50 38
49 51
35 55
67 38
32 37
49 34
65 52
46 40
57 54
60 53
65 65
55 46
70 50
61 56
40 45
47 69
61 50
44 38
32 51
36 66
68 58
43 31
44 40
54 41
44 33
52 31
35 49
56 49
65 41
33 66
36 35
51 30
36 68
50 63
52 43
30 56
44 32
61 52
