100 1000 1555
53 38
56 37
67 32
66 42
64 70
41 57
45 33
56 65
43 58
48 53
36 52
55 68
31 32
39 40
37 53
64 45
61 51
46 39
39 65
44 55
37 70
39 39
54 67
35 51
49 69
47 68
39 31
57 35
61 57
49 62
62 31
54 49
68 61
59 44
39 41
32 55
34 54
67 57
65 42
33 43
33 38
31 55
56 68
57 31
39 39
42 67
46 39
52 53
41 46
55 51
37 68
48 69
51 37
44 69
39 40
54 44
30 45
52 63
41 55
63 32
44 49
57 46
70 63
36 66
37 49
53 54
65 63
30 69
37 51
43 66
68 39
51 43
34 53
44 47
48 37
55 48
68 58
55 51
58 55
53 48
60 31
60 66
39 33
63 56
44 35
52 47
49 62
32 33
61 69
65 47
43 55
45 54
53 35
61 54
32 51
52 49
58 52
39 57
61 49
43 62
