100 1000 1490
33 45
51 60
56 59
38 43
49 66
57 38
34 37
66 41
53 38
46 63
63 43
36 59
59 47
54 36
37 39
36 36
59 31
44 33
33 30
69 57
48 51
44 36
56 54
56 38
47 64
61 70
56 68
40 31
36 35
64 65
30 42
50 61
63 68
65 48
43 39
70 52
47 44
46 64
47 60
57 37
62 44
43 38
41 31
51 61
69 36
66 54
49 58
32 51
56 47
63 58
59 33
54 36
49 61
66 53
38 60
37 66
43 57
61 35
42 45
53 68
52 36
49 38
70 36
57 38
40 52
57 43
33 43
68 48
43 53
40 45
69 33
31 50
31 34
63 59
65 68
47 36
30 33
45 49
36 64
33 55
65 70
39 53
38 54
45 31
70 62
59 59
40 40
63 56
70 60
48 35
36 66
56 61
58 70
35 63
40 36
36 39
35 67
33 64
49 67
57 53
