100 1000 1653
30 66
69 57
53 49
57 69
36 41
41 46
50 47
64 31
66 37
62 45
70 68
70 38
66 44
53 47
66 39
37 34
39 32
66 45
58 65
59 69
58 46
35 64
59 48
55 33
34 55
51 39
38 58
63 55
50 53
56 58
34 64
61 48
60 70
44 33
38 59
40 51
37 61
53 42
63 47
55 46
62 42
41 66
44 64
50 60
30 48
54 41
51 34
54 34
45 32
39 42
69 36
44 64
65 45
67 53
69 51
48 44
61 34
39 35
45 65
52 45
30 57
66 36
64 39
49 38
67 37
31 60
42 45
55 49
35 37
46 50
70 52
70 55
54 48
39 57
41 56
32 69
30 56
37 68
64 34
58 54
31 61
31 36
68 66
37 68
37 63
47 36
42 51
52 69
42 63
60 45
57 70
36 36
43 69
37 63
36 40
41 58
67 68
56 31
63 57
59 53
