100 1000 1541
69 69
69 49
62 54
69 34
37 43
45 44
42 57
69 59
59 36
54 37
69 37
66 33
34 65
60 47
66 33
44 55
50 50
44 55
45 48
58 70
64 50
32 32
41 32
45 66
46 66
32 69
48 66
70 50
46 64
30 51
39 45
40 62
56 53
70 68
57 49
45 47
38 49
40 42
50 48
54 52
40 52
62 40
62 61
45 49
32 56
42 55
61 51
42 54
58 52
38 36
55 43
46 34
55 42
48 40
54 48
39 37
30 36
37 42
30 62
55 60
47 68
48 55
32 30
42 57
33 47
62 44
65 31
57 49
39 50
68 45
65 60
57 52
52 67
55 54
30 36
43 70
68 65
35 39
35 37
70 54
42 62
42 67
69 51
58 52
68 48
67 35
31 34
34 60
45 30
41 51
64 53
51 43
69 35
33 56
43 45
42 67
43 60
49 41
65 34
33 65
