100 1000 1597
51 31
65 48
60 69
40 43
48 70
70 30
45 38
37 36
66 53
70 49
35 59
44 60
33 51
34 63
66 51
63 52
52 40
59 42
43 36
33 63
49 46
60 46
61 63
58 30
63 60
61 65
35 35
34 59
46 46
51 32
34 43
47 68
58 58
54 42
67 35
36 55
45 69
48 64
32 43
36 66
42 43
61 57
33 53
40 46
57 55
50 41
47 31
31 45
41 38
36 59
56 58
36 48
70 35
44 32
56 54
65 67
36 44
56 67
35 39
68 53
37 60
56 68
50 55
35 50
50 66
55 47
30 59
56 38
31 63
58 58
36 37
41 61
49 56
42 49
67 58
46 45
70 49
56 30
60 67
54 70
51 48
41 67
30 68
61 56
50 34
65 32
66 33
57 53
33 66
42 36
42 41
60 58
40 40
31 42
65 46
51 61
42 43
48 50
62 67
52 50
