100 1000 1549
44 64
35 61
42 30
70 51
42 32
59 69
57 65
32 52
70 49
54 30
67 44
51 62
55 43
36 50
67 58
49 39
49 52
41 60
41 35
40 46
65 65
54 47
51 38
37 46
62 53
49 69
61 59
67 70
58 60
47 32
38 48
63 52
30 37
40 47
67 52
32 45
60 55
40 57
30 45
67 69
39 55
45 42
69 50
38 40
36 60
48 58
34 36
54 66
53 55
69 60
69 47
65 36
52 43
57 33
52 70
62 56
39 56
47 31
33 57
43 61
39 48
59 66
49 69
43 36
56 44
34 53
64 48
40 59
50 52
37 69
62 38
49 51
68 59
68 70
50 32
42 42
49 48
31 54
35 40
41 48
48 65
57 30
36 52
56 51
62 35
42 68
31 62
55 60
45 66
33 57
36 32
30 34
49 69
30 56
57 44
67 45
62 66
67 61
66 48
38 60
