100 1000 1571
64 61
40 39
67 58
46 41
36 48
64 43
47 54
66 40
58 68
48 70
40 32
45 65
63 39
30 63
56 51
40 59
55 63
58 38
69 37
61 50
40 54
59 53
36 35
41 57
50 32
53 47
66 66
68 41
48 43
56 60
54 42
41 33
42 47
44 59
34 50
44 30
54 42
50 42
69 52
67 48
55 41
59 37
56 31
33 58
61 44
57 65
62 43
35 36
49 45
62 61
57 58
45 35
48 52
64 42
31 69
52 47
35 47
65 63
34 49
68 44
31 38
66 69
58 54
65 36
64 54
49 61
58 52
35 65
57 36
64 62
50 43
48 57
63 67
52 70
42 55
42 38
63 51
31 68
65 65
30 58
68 47
66 54
52 46
70 60
39 70
58 41
60 69
31 65
44 33
30 48
30 59
38 68
51 50
34 30
59 58
45 64
34 51
45 32
58 56
54 59
