100 1000 1406
44 33
50 53
43 36
56 70
53 63
30 44
39 55
30 41
58 45
53 54
66 31
59 52
59 36
39 30
53 68
62 68
64 32
63 46
43 32
52 47
63 51
50 43
67 45
60 31
66 38
42 58
63 34
51 36
61 68
40 45
68 56
46 49
50 34
67 53
54 51
36 51
41 38
38 40
38 39
55 34
30 34
50 63
69 31
56 46
33 43
69 34
35 40
57 59
48 63
65 31
32 41
59 59
42 41
58 55
52 64
33 51
37 59
38 46
70 46
65 62
52 37
58 52
48 44
33 37
33 68
36 39
67 67
62 67
45 41
38 30
41 50
41 66
30 53
49 32
38 41
62 69
65 56
54 57
63 30
45 34
30 43
37 33
69 53
42 44
55 43
36 31
34 56
69 54
36 43
67 65
62 50
43 49
49 62
46 62
57 65
35 44
66 67
55 30
58 50
30 63
