100 1000 1448
38 52
66 35
69 56
36 65
58 56
62 56
36 70
53 64
70 38
59 34
63 50
68 67
55 41
50 43
60 50
44 51
59 54
44 36
50 38
53 65
46 42
45 62
45 44
47 57
51 33
60 64
30 57
38 43
67 52
32 44
62 64
68 69
49 41
42 30
31 53
68 37
44 57
44 70
60 30
59 69
60 38
48 64
34 39
67 66
64 36
56 32
30 57
49 36
58 56
65 69
57 36
46 64
49 58
66 34
66 39
53 48
30 34
49 46
48 32
50 65
30 33
59 42
53 35
61 53
61 55
51 32
33 68
34 32
61 50
62 61
39 32
32 62
44 33
55 49
38 51
55 61
56 65
50 32
39 37
69 57
60 57
36 42
64 64
38 70
64 69
57 52
45 54
43 36
58 68
63 32
55 35
59 47
66 51
59 35
48 33
58 49
45 40
64 53
62 68
65 51
