100 1000 1472
59 56
34 46
67 48
43 70
47 45
35 50
44 47
36 40
55 54
69 50
57 55
70 41
45 50
64 58
53 66
44 64
48 43
67 67
32 30
57 34
58 49
59 59
68 64
62 70
59 36
36 59
62 46
52 47
64 57
50 38
56 39
68 44
56 59
58 34
58 61
57 62
40 57
50 51
32 53
38 65
67 50
34 50
43 59
46 62
56 68
36 44
56 56
65 69
46 59
30 33
50 35
41 37
40 59
70 53
50 40
31 66
53 54
35 51
63 60
37 56
69 43
54 44
70 55
68 63
36 34
34 42
33 33
49 60
52 59
70 39
68 52
30 42
70 50
47 32
32 35
33 32
54 36
39 64
54 62
55 38
67 42
40 38
64 31
44 68
42 32
37 64
48 34
69 63
59 62
61 36
63 55
53 58
32 44
54 62
37 55
66 39
50 31
45 48
53 42
35 50
