100 1000 1507
55 33
68 66
60 45
65 45
39 49
49 60
54 36
39 67
32 64
33 61
43 42
40 57
40 43
35 46
35 30
39 59
37 52
51 61
53 53
48 63
35 53
45 44
54 58
58 35
61 48
30 34
66 55
51 47
62 55
59 52
33 60
62 46
32 70
54 64
34 45
63 67
47 54
50 60
46 43
65 39
37 38
41 64
47 53
69 34
43 44
38 52
69 47
62 56
42 67
48 60
52 68
70 47
62 64
65 52
65 63
70 58
70 30
42 48
56 66
50 52
34 32
34 43
31 58
44 57
59 30
44 35
60 59
57 35
50 65
45 62
69 51
38 30
49 68
63 65
43 65
43 42
67 68
59 43
51 49
55 53
46 33
60 32
44 65
49 64
43 53
52 35
46 39
32 38
44 32
51 63
69 31
44 69
59 55
59 45
41 49
59 63
34 30
54 44
40 39
68 49
