100 1000 1628
57 32
65 38
38 31
70 70
31 54
69 50
47 44
69 57
40 56
34 42
61 42
58 54
50 52
62 58
52 70
40 47
34 61
39 69
41 57
59 53
33 51
58 61
40 68
56 32
47 48
32 63
47 55
53 32
63 68
35 46
68 52
33 56
40 40
37 64
61 33
40 40
30 65
64 45
60 54
69 52
32 48
40 45
32 55
67 54
69 34
30 54
40 60
53 51
44 54
68 46
55 40
43 68
48 63
30 55
37 38
35 69
37 60
67 70
66 63
56 34
35 32
32 43
55 35
52 33
55 50
61 66
55 41
38 62
53 59
30 61
45 37
39 54
56 66
48 58
59 48
65 53
56 58
55 67
53 37
63 60
53 31
54 42
57 52
58 70
60 47
53 58
50 49
46 47
32 66
61 46
50 41
59 52
41 50
64 50
51 30
36 50
48 46
56 43
66 47
55 31
