100 1000 1487
58 54
58 49
46 55
55 65
36 68
49 42
47 34
50 47
53 45
44 43
34 47
58 50
70 58
53 46
53 37
49 54
50 66
41 51
53 68
53 53
52 52
45 38
69 61
70 62
56 51
59 32
43 30
34 44
69 42
58 63
49 66
32 36
64 61
34 57
55 47
64 54
69 35
38 35
38 50
52 67
30 62
53 59
30 39
56 66
60 39
67 59
63 33
58 56
45 56
30 54
63 54
65 47
37 69
57 46
38 65
30 31
46 59
32 38
36 35
59 54
47 64
68 40
69 42
39 68
42 53
30 34
69 68
52 62
61 70
63 36
59 55
31 55
68 63
62 36
36 69
62 36
35 32
33 31
55 35
63 43
44 47
47 47
36 46
56 42
32 62
66 66
42 62
62 37
67 31
54 49
68 42
55 64
36 40
42 49
58 41
50 64
31 35
61 58
46 36
47 35
