100 1000 1560
58 66
46 38
45 53
51 41
60 62
47 70
63 66
64 52
58 38
67 66
31 43
51 50
57 43
39 40
58 42
31 69
40 63
34 42
33 37
60 63
35 53
51 52
45 40
49 42
47 34
37 44
42 31
69 57
51 57
63 32
37 65
66 37
33 59
48 59
41 56
46 31
33 56
45 54
45 57
61 61
41 57
43 34
46 43
51 58
36 46
37 39
54 39
52 35
62 48
65 62
65 63
43 64
66 53
55 70
33 38
59 34
32 58
61 37
56 52
33 69
54 34
31 37
66 47
54 65
62 59
38 43
40 33
57 40
55 61
58 30
70 51
63 68
33 42
70 68
48 66
42 63
40 34
44 69
49 64
62 41
33 48
64 34
60 34
36 43
63 41
51 34
47 53
36 46
43 52
36 46
54 45
31 62
53 60
56 47
44 46
30 68
65 37
35 60
32 53
48 51
