100 1000 1588
63 70
33 66
36 41
47 56
63 48
57 42
69 40
58 36
38 39
62 52
32 62
56 43
41 52
38 34
54 59
32 68
67 42
67 63
45 67
45 51
48 38
61 43
69 48
63 53
43 58
32 54
41 39
51 51
69 56
45 50
32 54
55 46
62 50
63 50
34 42
46 63
49 35
51 37
45 33
70 47
55 46
54 47
31 57
68 62
56 50
45 33
47 41
53 46
37 66
61 33
50 63
32 60
50 54
48 59
31 42
50 36
37 30
40 43
49 32
33 55
51 31
39 69
66 39
46 46
35 66
65 34
70 40
30 34
42 70
57 65
32 65
62 45
48 66
34 32
62 51
67 67
50 41
53 63
67 45
45 36
43 47
51 46
30 49
65 39
50 69
65 38
50 35
65 33
46 39
59 50
39 41
37 64
35 46
65 70
41 54
48 68
54 67
38 44
58 41
37 41
