100 1000 1634
36 42
42 31
68 68
68 43
38 69
35 42
56 64
43 56
55 59
43 39
66 67
52 31
39 36
44 39
41 44
58 59
32 35
53 38
31 53
36 60
40 43
51 66
31 35
44 60
34 66
55 55
34 56
49 53
41 68
65 39
58 59
52 65
66 66
43 64
59 47
51 69
60 58
30 38
62 45
58 50
52 43
35 61
36 56
52 30
63 61
35 52
64 35
60 60
55 36
52 49
41 66
64 39
45 37
53 61
56 38
55 63
65 43
32 30
67 43
46 64
59 57
40 69
57 35
66 35
65 31
32 59
38 47
41 48
56 53
40 65
35 69
39 68
39 52
46 66
62 52
46 65
34 38
52 54
37 41
42 40
63 34
37 53
70 56
60 63
34 65
49 56
65 67
58 30
70 69
39 48
37 68
31 38
65 67
55 48
55 49
33 66
47 56
30 54
63 63
60 38
