100 1000 1542
51 43
54 41
37 32
65 55
57 56
62 69
33 59
67 32
33 61
48 34
67 54
35 67
30 63
46 39
51 54
50 60
33 48
45 49
30 46
55 52
47 39
51 55
65 65
50 68
30 55
67 34
68 40
37 52
55 55
55 51
57 61
62 54
67 38
67 45
52 66
40 40
41 41
32 35
69 40
63 49
37 46
35 35
40 56
60 57
47 35
64 56
63 38
66 52
36 57
48 56
39 36
51 43
50 32
31 44
43 69
38 47
66 37
62 46
36 44
48 40
50 39
41 34
31 65
59 30
36 45
32 35
40 40
67 40
60 32
64 56
40 33
62 42
41 38
61 45
48 60
62 30
42 64
47 57
66 39
30 47
62 39
35 43
43 61
47 62
63 53
44 68
31 41
62 59
58 66
33 59
40 62
41 47
46 50
65 32
52 38
35 32
53 57
37 67
54 39
55 65
