100 1000 1553
61 69
67 40
60 41
37 41
70 50
43 45
34 47
34 41
50 39
38 66
63 33
64 70
62 69
54 50
45 43
36 55
70 62
69 64
39 58
50 31
68 49
70 54
61 47
63 34
44 69
70 38
37 31
40 69
70 56
66 32
69 63
31 48
65 63
37 38
52 68
59 46
33 44
55 70
31 31
44 65
56 57
49 50
38 46
34 62
31 30
56 30
41 53
35 54
40 52
64 30
57 38
39 32
58 68
34 35
35 46
36 59
50 59
33 65
41 50
46 49
36 62
63 56
51 48
49 58
34 65
57 54
49 41
47 51
52 33
61 68
67 45
38 63
70 40
47 39
46 58
38 51
47 36
31 65
64 40
68 51
52 30
69 63
31 33
32 30
62 39
32 37
54 67
56 68
69 64
34 55
61 44
51 56
59 43
57 66
60 39
48 64
37 35
31 32
31 69
58 42
