100 1000 1492
62 55
41 57
48 31
34 31
34 53
41 30
59 54
51 65
66 36
53 67
51 52
48 35
43 63
39 47
64 59
33 48
42 54
34 48
33 36
53 35
66 37
53 70
41 34
33 67
32 34
33 48
38 54
55 32
40 60
58 41
63 31
41 56
61 69
63 44
50 64
37 68
50 54
34 68
48 50
57 66
64 47
56 63
54 32
69 49
54 32
62 67
56 68
58 70
53 51
52 54
44 49
39 57
46 56
41 32
52 46
56 35
48 34
32 31
49 60
66 61
48 35
54 34
40 53
35 60
69 49
70 43
63 43
34 61
54 30
52 61
57 49
58 45
59 68
65 70
50 42
69 34
32 45
69 69
31 40
61 37
56 32
41 63
55 50
50 31
68 34
52 64
64 60
54 49
63 34
68 37
42 40
68 57
41 54
56 66
39 36
43 54
50 70
33 38
36 64
48 69
