100 1000 1596
43 38
36 55
36 46
64 38
66 49
58 53
56 34
57 38
53 43
60 56
61 43
61 50
30 58
48 33
65 68
43 38
38 46
34 67
63 70
35 64
42 48
47 37
35 69
38 46
64 60
65 44
54 59
63 33
47 45
36 30
62 39
40 61
66 38
68 51
51 68
39 62
55 44
66 61
30 65
64 36
61 42
49 33
34 51
45 31
46 55
40 39
38 69
67 62
61 52
36 66
40 31
59 37
47 57
51 68
43 35
36 70
41 56
51 52
45 60
32 64
48 50
40 62
31 37
44 56
49 31
44 41
33 53
52 68
34 69
63 34
43 47
60 56
33 47
54 60
38 35
33 46
54 49
51 59
48 35
31 50
41 43
68 68
46 55
62 52
52 66
31 42
57 45
47 38
63 42
34 30
41 46
64 42
52 67
48 53
61 33
63 49
54 53
32 37
37 46
52 69
