100 1000 1533
38 61
56 64
44 65
43 51
48 69
43 41
69 44
38 56
39 70
34 55
49 69
46 33
67 59
32 42
38 52
36 43
62 51
43 53
54 53
55 43
56 60
34 51
33 51
41 54
58 67
67 52
31 53
60 32
32 41
38 43
61 32
66 56
49 52
43 30
43 47
43 56
52 67
52 53
60 67
49 65
51 33
65 69
64 67
31 64
67 60
45 36
70 30
63 49
43 55
53 57
65 70
68 66
41 58
49 32
35 40
36 59
47 63
34 53
65 67
42 54
48 64
32 37
48 61
49 40
52 36
64 47
45 57
66 69
39 49
43 59
34 65
58 31
48 34
43 39
45 38
40 69
51 45
53 39
32 51
36 56
42 52
64 41
40 69
51 47
52 54
51 57
65 38
43 54
56 45
48 62
57 36
59 66
48 32
54 57
32 47
64 59
51 32
46 48
50 62
54 31
