100 1000 1521
33 46
47 65
30 62
64 65
67 64
36 51
49 59
30 69
53 34
59 51
33 42
63 43
32 30
33 61
58 60
48 61
33 33
30 50
42 41
40 49
58 45
43 70
61 32
37 68
61 43
34 54
48 40
36 55
52 33
63 30
67 62
58 30
38 30
38 63
45 38
63 69
47 59
44 69
68 69
56 52
64 69
55 67
64 57
65 53
69 66
53 49
48 39
37 33
47 45
65 31
51 55
64 59
34 47
39 35
35 40
43 34
52 67
57 32
34 46
45 59
45 39
32 53
57 48
53 62
39 61
42 40
43 50
49 60
43 36
43 66
64 38
65 37
66 54
48 56
33 36
43 57
58 59
48 49
62 62
38 52
70 70
42 45
36 53
63 54
39 50
41 41
44 31
45 53
44 58
53 59
44 33
30 37
64 61
39 35
70 62
32 49
63 52
59 41
61 39
68 60
