100 1000 1508
46 48
32 48
56 48
64 52
45 55
38 34
70 36
62 61
36 45
48 47
64 38
52 58
58 62
31 68
41 46
45 50
67 56
31 63
47 53
42 42
51 52
57 48
32 45
64 65
45 50
51 38
69 33
49 30
57 55
47 68
45 59
55 44
42 32
47 40
54 59
60 52
50 31
69 67
47 68
48 34
31 42
51 54
58 37
64 70
52 32
50 56
41 60
55 49
35 51
49 56
43 62
39 34
48 37
39 54
32 45
44 70
62 69
38 62
39 32
62 54
55 65
68 34
45 41
36 64
40 49
57 44
42 64
48 49
33 49
50 62
60 65
60 46
68 35
42 56
30 64
57 58
60 69
60 41
42 40
39 50
37 54
51 31
59 37
49 70
65 40
41 47
51 68
41 41
64 60
48 44
69 33
58 69
55 58
48 31
69 68
49 47
50 33
70 40
33 55
31 36
