100 1000 1595
37 44
44 54
30 56
33 57
37 30
33 30
44 64
54 52
61 54
42 31
30 55
59 68
57 60
43 36
37 60
47 43
42 39
69 40
30 66
32 53
61 61
31 47
49 39
30 38
58 33
57 30
38 68
64 40
53 36
42 67
54 66
55 35
30 36
57 46
42 51
57 55
37 45
69 48
57 50
42 57
43 32
36 60
30 66
44 49
64 47
38 70
55 52
59 37
38 31
68 45
54 51
55 32
38 30
65 45
45 57
47 70
58 70
34 69
42 55
37 67
53 60
48 35
63 32
54 34
36 44
65 33
58 33
51 63
67 66
57 35
67 43
67 59
51 30
41 53
43 67
65 58
45 56
64 46
68 64
57 30
63 36
64 61
47 62
41 62
64 48
50 51
58 52
46 67
38 31
38 58
39 56
57 64
69 32
68 61
41 39
61 37
48 59
55 37
62 42
46 57
