100 1000 1564
67 43
54 50
44 30
56 30
70 31
50 47
52 35
31 46
40 38
59 63
39 43
32 51
37 35
64 35
51 47
50 62
36 30
68 34
43 48
56 36
50 50
54 62
31 49
54 50
41 63
65 36
51 31
38 43
40 66
31 38
59 44
69 70
50 59
48 39
65 44
67 59
65 55
33 56
47 35
35 67
41 69
56 58
41 53
43 63
33 41
32 33
41 32
34 38
40 59
54 57
58 43
30 37
33 64
46 34
50 48
41 63
44 63
62 45
33 54
48 57
45 65
57 64
70 60
61 42
38 69
35 66
61 36
58 45
49 54
51 56
38 39
49 51
43 59
51 55
59 64
33 47
69 52
58 53
31 55
32 30
56 65
56 41
58 58
63 38
42 63
45 40
44 51
57 58
68 44
56 32
67 41
32 59
46 44
45 39
39 68
44 53
52 65
56 42
60 43
61 31
