100 1000 1558
43 51
43 37
33 56
46 62
58 30
55 63
40 35
31 64
56 41
62 30
50 35
53 63
33 43
62 43
46 60
37 61
67 43
44 52
69 58
40 30
30 39
45 49
32 66
48 44
47 39
69 56
47 33
53 40
37 64
48 66
32 70
40 64
32 35
70 47
64 37
33 34
63 61
35 37
31 36
47 44
42 36
60 57
36 46
60 43
69 62
41 38
34 53
39 61
58 60
50 35
70 31
59 70
31 45
38 64
62 58
49 52
41 30
53 50
48 31
54 68
64 68
52 50
33 54
66 42
48 54
65 47
39 38
42 38
46 30
69 55
55 32
42 49
38 58
42 54
50 35
48 68
67 50
65 51
47 42
64 51
38 43
32 50
40 48
59 70
60 65
56 66
67 48
43 49
62 47
44 34
47 52
60 50
31 68
63 59
52 68
35 64
54 33
47 68
40 32
52 40
