100 1000 1590
33 47
69 68
36 36
44 67
36 36
38 61
48 41
44 62
61 50
37 64
70 34
37 44
40 54
37 40
60 58
31 41
40 65
61 58
31 70
34 30
40 40
60 37
69 63
69 62
41 65
36 49
69 44
57 70
33 33
31 61
53 54
62 60
68 37
59 64
68 43
48 40
62 32
64 47
46 30
34 31
70 66
34 33
39 62
57 58
47 34
58 55
32 61
38 68
42 31
69 40
64 40
68 49
46 67
52 31
50 63
33 57
44 63
54 43
39 44
63 51
51 52
33 61
51 57
61 54
45 46
52 57
60 51
30 51
31 38
45 69
51 63
31 31
35 55
66 53
60 33
50 57
49 69
65 67
42 59
57 41
47 44
54 32
50 69
53 37
57 58
36 30
32 63
54 48
32 35
53 62
46 41
34 44
67 59
68 58
44 64
43 56
70 69
58 65
53 44
64 47
