100 1000 1530
44 66
69 33
38 31
33 46
46 33
66 66
43 44
37 47
34 50
34 59
60 59
42 62
59 60
56 64
55 62
51 49
50 59
65 32
51 49
47 38
70 53
67 39
68 44
35 33
66 46
51 31
46 48
70 56
31 48
58 69
65 52
47 67
54 40
43 31
63 33
51 45
62 52
40 52
54 41
30 46
57 66
43 62
58 38
50 36
60 64
64 67
41 37
32 43
47 57
49 38
35 67
66 68
64 69
68 65
49 66
51 53
65 51
60 33
54 33
52 56
63 47
37 64
37 49
68 70
69 55
62 32
53 39
70 62
54 65
47 54
32 42
66 40
36 35
51 37
41 69
70 54
48 36
61 35
66 60
42 33
51 53
49 55
41 56
36 64
32 38
58 70
70 36
35 57
48 62
41 70
54 30
49 40
48 70
60 41
31 64
43 60
49 48
52 66
53 67
35 69
