100 1000 1555
38 65
49 58
59 59
64 35
34 34
39 44
43 63
65 60
47 36
68 70
31 69
50 64
44 42
65 34
55 36
34 35
42 61
31 43
62 49
55 63
43 56
55 31
56 38
63 69
47 51
70 37
69 44
64 64
36 30
34 34
67 44
66 56
46 41
57 54
53 68
30 38
41 63
70 49
39 57
35 46
38 64
57 53
64 50
62 38
69 57
47 59
50 30
68 48
31 53
55 42
43 66
47 42
67 49
36 67
67 57
51 54
37 57
37 33
57 56
68 42
38 58
58 48
30 38
45 54
43 59
50 34
41 38
33 34
38 59
68 43
37 51
51 60
37 47
30 45
32 38
43 40
54 50
70 36
47 69
47 46
43 65
45 50
41 52
33 39
35 44
46 45
68 64
31 70
43 57
55 33
43 48
37 48
46 70
68 34
60 35
43 33
47 55
62 61
30 65
33 42
