100 1000 1549
32 63
53 37
53 43
53 63
60 52
56 35
63 39
37 57
62 59
61 31
33 57
48 40
31 70
33 37
50 31
55 57
51 64
69 51
46 41
42 47
30 54
47 50
70 68
32 43
47 57
48 47
65 31
59 45
54 57
49 41
50 58
31 62
62 43
31 52
52 53
52 34
51 70
51 51
40 57
39 61
65 49
33 45
38 41
33 33
65 34
40 58
42 49
45 31
43 59
54 59
35 55
53 35
61 51
32 31
49 42
44 59
43 32
52 46
45 61
51 39
51 58
34 55
42 50
58 32
62 67
56 49
48 44
44 45
52 64
41 55
44 51
45 30
43 68
40 46
42 33
49 30
53 50
44 69
42 60
48 55
36 53
62 63
55 49
53 34
57 35
42 68
61 34
46 64
35 32
36 52
39 37
47 68
56 43
32 39
57 34
43 63
56 32
37 50
58 44
41 44
