100 1000 1580
50 66
41 61
63 46
32 43
39 59
30 50
38 54
40 60
55 60
68 36
54 32
32 51
43 35
41 67
70 31
61 45
49 67
39 53
38 33
69 63
57 57
30 33
40 65
33 63
41 38
56 56
41 59
38 68
30 37
52 65
56 55
45 41
50 57
57 40
47 61
60 69
36 38
64 32
38 44
39 54
44 56
40 64
37 38
68 38
65 35
43 41
36 67
49 43
61 69
48 47
34 46
46 62
47 57
39 51
52 32
65 48
50 67
61 57
48 41
54 32
68 68
44 67
34 66
31 40
35 56
68 34
50 38
41 53
42 62
42 53
55 58
54 51
33 70
46 30
38 32
48 59
34 34
39 44
63 36
53 63
55 52
57 51
59 68
58 39
62 69
38 68
42 47
60 53
69 57
66 64
60 39
37 42
59 62
56 58
61 62
50 57
36 67
42 52
53 60
66 47
