100 1000 1603
65 44
41 38
61 35
31 43
63 66
47 41
68 64
49 30
31 55
61 60
33 32
39 31
46 46
54 56
64 47
35 50
60 48
33 65
62 58
54 46
42 68
68 43
46 52
46 69
47 45
35 46
33 48
66 70
56 30
52 51
50 31
58 70
39 55
60 68
30 59
66 67
68 69
61 67
40 39
54 68
59 42
48 56
33 49
33 48
60 52
56 52
63 46
45 35
37 46
57 67
30 51
43 34
36 62
32 57
46 39
51 67
43 37
33 56
67 44
62 39
44 59
47 48
59 31
70 51
57 54
53 53
70 69
32 70
46 62
55 42
58 46
38 40
65 70
64 40
47 57
49 70
33 54
34 58
68 68
61 37
41 67
66 70
68 44
46 39
40 33
44 65
46 41
31 66
43 40
41 69
48 37
61 60
33 45
42 55
31 57
56 49
60 41
56 60
57 55
45 52
