100 1000 1466
61 58
64 41
67 44
51 34
42 40
45 60
60 35
60 30
33 55
45 46
58 48
50 46
50 40
67 70
60 59
56 66
39 70
61 70
49 65
67 34
46 49
55 31
66 39
52 40
42 38
64 41
53 68
61 43
65 53
62 41
53 68
63 43
63 54
69 65
68 66
37 52
69 49
53 30
56 40
30 36
32 50
61 65
65 52
30 30
47 55
58 70
49 56
42 30
47 52
63 40
48 55
58 51
66 40
39 58
42 38
55 51
36 38
50 46
41 70
66 51
64 52
48 44
37 63
59 57
46 69
59 45
68 48
47 53
70 43
53 69
37 30
64 62
36 43
43 58
52 68
58 37
63 69
49 70
41 30
67 41
65 62
66 51
31 70
53 45
70 54
64 39
51 37
33 58
35 59
37 32
43 58
44 44
42 61
54 49
42 60
61 60
66 37
55 51
51 68
44 49
