100 1000 1534
69 30
38 67
52 57
39 41
40 66
50 66
47 60
41 45
30 61
42 40
62 38
39 32
67 38
45 44
70 48
49 32
61 57
65 54
52 42
30 63
68 41
35 52
69 35
30 59
38 36
70 41
42 48
55 45
63 33
61 34
39 31
39 63
43 31
70 43
54 31
53 64
51 61
62 58
53 31
64 65
48 49
61 36
42 67
42 32
46 30
35 42
32 70
43 39
38 60
43 60
46 58
31 51
44 41
55 32
59 43
42 50
39 31
56 31
56 57
53 42
51 58
54 61
46 69
59 37
37 42
68 51
53 51
41 46
38 64
58 39
47 61
68 65
44 56
44 47
43 34
50 55
46 32
49 55
36 44
42 34
57 67
50 68
55 34
33 34
43 60
34 40
36 30
46 64
58 35
32 31
52 48
31 33
62 58
58 49
49 55
46 30
38 68
30 48
61 35
59 34
