100 1000 1489
47 58
44 47
31 67
47 38
64 46
55 62
40 42
44 57
50 33
60 64
30 61
42 41
36 46
68 67
53 57
55 48
67 60
41 41
62 53
57 57
63 70
54 42
57 41
69 69
49 59
62 63
43 47
55 31
49 65
56 50
66 50
35 32
52 39
58 65
69 70
32 64
30 64
51 41
42 67
48 43
32 56
41 57
63 44
62 42
32 46
42 31
59 44
49 44
55 61
60 68
40 37
59 34
30 42
36 46
61 48
52 70
55 40
46 40
31 62
52 50
68 56
57 55
63 39
69 53
65 46
40 31
50 61
32 48
63 57
63 64
63 51
53 33
49 31
49 67
66 62
63 54
51 34
48 41
37 50
68 67
46 45
66 64
48 43
46 47
50 70
49 38
57 59
50 44
58 42
57 50
59 43
33 42
57 38
45 39
65 32
36 69
49 64
52 56
42 64
45 41
