100 1000 1485
35 65
37 33
30 52
70 58
59 37
45 68
57 47
52 35
58 47
53 34
30 58
65 65
61 63
65 61
57 59
57 42
37 38
68 62
64 48
64 68
53 51
37 60
65 45
61 58
37 69
47 40
58 50
49 56
47 52
50 38
52 46
33 34
35 40
33 41
65 51
47 35
34 56
32 37
35 39
64 66
31 42
62 32
57 56
52 49
50 67
30 49
55 43
67 70
52 50
32 33
47 64
38 34
51 39
64 33
41 49
34 37
67 61
49 51
39 53
52 57
37 34
54 69
30 63
56 67
69 54
65 32
37 44
56 41
47 63
58 66
64 63
69 35
43 65
32 41
51 57
55 35
45 34
52 70
57 68
52 48
51 52
30 53
52 38
58 42
64 35
53 65
32 31
63 30
54 31
48 51
45 45
46 50
38 53
48 51
49 42
48 63
64 38
36 68
47 45
63 36
