100 1000 1657
42 33
34 47
52 55
59 37
54 51
33 49
52 54
41 51
66 30
49 63
42 37
40 35
61 30
62 61
48 69
37 52
31 69
56 46
32 59
68 69
49 36
62 45
65 50
67 52
38 65
63 39
48 40
62 49
30 60
49 34
45 59
51 46
35 69
46 62
51 49
46 61
55 66
46 47
34 39
34 47
54 61
48 55
53 34
57 31
61 31
46 42
57 70
39 67
59 61
32 57
67 49
70 37
34 52
37 38
38 61
33 68
32 56
44 63
53 70
39 60
39 50
63 59
34 52
39 48
40 68
67 55
58 64
65 44
31 68
55 43
67 61
56 51
38 55
63 38
39 36
37 40
42 37
40 51
64 67
60 58
32 35
62 58
43 66
49 37
61 67
45 68
49 50
49 61
53 56
68 36
45 61
58 62
36 35
59 61
69 67
59 30
33 67
32 64
47 40
32 34
