100 1000 1593
49 39
56 57
67 31
59 48
68 49
59 59
40 68
45 57
38 57
63 30
44 53
30 52
58 48
68 47
52 45
46 32
58 58
39 69
32 44
68 51
65 58
53 59
53 43
60 70
66 60
41 48
51 33
36 70
42 45
63 37
37 63
65 56
31 66
70 36
66 43
30 48
40 53
36 68
64 40
57 37
50 64
53 40
64 37
68 64
39 38
59 46
32 70
69 70
62 53
35 43
56 36
46 33
31 57
55 33
69 42
66 60
59 46
41 53
58 68
67 40
59 47
46 51
59 65
44 33
59 62
63 45
70 57
49 56
40 58
41 32
59 49
45 70
65 69
42 35
30 61
48 65
65 42
58 34
48 54
45 70
41 56
48 49
57 31
62 60
68 34
64 65
70 57
68 40
70 56
67 53
54 32
55 54
39 45
34 65
40 33
50 64
63 44
48 64
35 70
58 63
