100 1000 1559
61 50
52 64
59 67
51 61
43 69
40 64
65 35
46 63
46 41
48 44
65 58
70 53
59 42
35 47
52 47
45 33
32 59
44 58
30 30
50 56
51 39
30 34
67 50
30 48
44 70
33 35
62 41
58 49
47 37
62 67
42 31
43 68
60 68
44 33
33 48
68 54
45 53
45 55
67 64
61 49
60 33
30 69
49 66
33 31
57 58
60 69
57 51
69 33
32 37
38 66
68 64
50 50
40 41
50 44
34 68
68 32
38 40
43 68
35 40
53 45
45 38
59 30
68 66
45 45
59 49
52 40
64 62
33 37
41 63
69 58
64 59
42 66
33 64
36 56
32 61
53 50
33 48
45 62
42 62
32 42
35 33
68 50
51 47
60 61
31 48
51 38
31 38
37 45
49 55
54 50
56 56
48 50
69 51
62 57
66 56
51 60
48 56
66 59
63 67
64 69
