100 1000 1550
52 56
41 42
60 58
65 43
64 47
31 51
59 36
69 41
54 48
41 70
44 42
68 66
58 36
41 41
37 44
31 38
31 34
32 58
68 58
60 40
47 62
52 46
37 65
60 69
49 37
35 60
47 63
64 61
63 65
44 40
55 54
60 37
35 37
41 45
48 48
33 51
44 66
54 45
37 61
37 66
62 69
39 35
35 53
45 56
33 30
54 66
30 43
42 61
55 65
46 58
43 67
52 62
30 46
63 55
65 41
64 40
55 35
48 69
67 32
38 35
68 70
62 62
34 54
65 59
41 45
58 38
46 65
44 30
68 44
48 47
67 59
41 65
49 64
52 52
60 43
48 67
65 34
60 58
69 47
61 68
41 54
33 51
64 37
53 42
43 68
65 70
52 37
35 66
54 53
45 43
60 43
38 53
65 58
65 44
46 67
50 31
34 44
44 40
37 35
49 69
