100 1000 1515
61 33
60 68
39 50
66 49
58 60
51 31
63 55
66 51
46 36
31 49
44 69
44 59
46 30
38 47
35 66
58 38
52 31
53 54
44 38
31 54
30 65
49 32
36 63
44 31
36 39
47 58
61 68
34 69
61 35
40 31
57 68
64 62
65 50
68 39
33 59
49 49
66 31
34 46
66 42
39 35
42 59
48 31
55 45
54 53
46 53
51 48
63 49
36 48
48 58
55 59
32 37
31 46
39 40
66 51
35 39
70 56
59 56
48 39
66 30
41 60
31 51
55 50
31 48
31 37
41 54
39 48
66 54
46 36
62 52
46 52
35 52
69 57
44 39
56 43
53 47
56 67
46 33
59 42
54 57
64 50
32 43
50 65
44 65
37 49
42 35
37 39
38 58
67 31
58 47
47 31
48 36
68 45
37 69
70 63
35 41
64 42
37 39
69 61
52 36
52 37
