100 1000 1613
33 52
36 66
30 39
42 35
44 47
70 62
62 36
59 55
40 57
42 61
48 62
49 30
49 66
58 54
61 56
33 36
52 45
56 55
66 45
41 50
54 50
60 33
56 59
43 46
45 32
68 51
35 34
43 33
49 43
58 51
39 57
51 52
35 32
66 53
42 47
39 35
32 68
50 56
54 39
41 49
52 33
38 31
58 65
57 58
67 59
49 30
43 58
70 68
68 56
57 34
57 37
50 45
62 68
47 70
38 67
33 61
65 51
37 41
40 68
65 50
50 57
32 45
69 44
68 56
52 44
33 63
37 65
30 61
35 58
33 35
50 33
32 46
33 60
58 52
62 54
42 50
69 70
30 56
64 46
46 64
54 67
37 68
61 46
51 38
62 59
41 38
34 48
32 55
70 51
51 34
51 63
34 36
54 67
56 68
35 57
40 66
63 56
65 65
33 40
56 53
