100 1000 1539
51 63
51 59
35 63
54 55
64 47
58 51
56 41
49 45
56 70
33 51
32 42
56 45
41 39
45 33
51 43
32 44
50 64
66 61
58 61
31 67
33 51
53 51
65 41
60 38
31 31
42 68
54 64
36 35
30 33
53 38
41 49
69 54
37 35
67 54
41 66
63 64
54 42
54 63
63 40
44 58
42 57
68 69
69 49
48 58
49 54
66 65
48 55
69 49
46 30
55 43
65 58
59 48
31 55
32 31
43 56
34 61
42 30
34 57
48 55
54 41
35 67
67 54
48 69
68 44
32 35
69 67
63 57
54 57
39 60
38 54
63 61
63 37
30 41
45 55
63 43
47 58
33 38
34 47
38 64
69 62
50 38
41 65
46 69
38 37
61 63
61 52
66 68
46 61
69 50
51 43
38 51
36 34
59 60
61 46
30 58
65 32
33 31
40 55
61 65
34 30
