100 1000 1392
52 69
55 42
30 42
58 68
45 70
34 32
66 36
54 57
51 60
36 41
42 52
69 55
63 67
40 47
44 58
69 39
55 31
30 35
58 60
67 63
67 51
65 45
49 59
47 48
32 66
34 44
54 42
69 54
54 50
43 42
34 30
55 37
48 31
43 43
66 70
56 33
38 56
54 53
36 60
63 62
61 45
49 45
38 51
70 42
45 40
52 40
64 57
45 69
52 30
61 37
53 47
70 64
55 43
54 41
47 33
51 47
57 31
70 67
35 31
62 68
54 41
57 64
49 55
64 69
37 49
58 37
62 35
44 64
66 42
39 50
61 45
66 49
52 57
66 46
45 38
70 68
33 51
61 43
44 58
53 42
66 35
70 48
50 43
44 64
36 46
37 37
57 66
70 30
65 32
41 44
60 60
57 63
53 50
53 55
69 64
32 70
66 61
38 50
46 48
61 67
