100 1000 1532
35 51
40 35
65 54
58 54
35 66
48 52
34 45
52 30
36 62
66 52
38 40
43 43
61 47
41 45
48 47
42 59
61 50
69 39
50 64
42 70
62 60
62 40
48 53
32 49
53 51
42 63
65 65
64 57
70 63
39 39
55 31
34 55
44 44
32 58
67 64
66 50
65 38
51 35
40 32
56 68
58 67
54 53
67 46
36 52
62 51
46 59
52 37
57 45
44 45
35 35
49 34
52 69
51 41
39 47
50 46
39 60
48 33
36 31
66 31
70 69
57 36
55 36
35 47
48 67
35 44
42 31
32 58
65 40
58 70
63 49
53 70
51 35
47 40
35 69
40 60
49 49
34 46
47 51
47 64
63 64
60 48
39 49
70 54
35 55
35 43
41 32
65 36
45 67
54 53
50 63
35 56
42 40
52 66
69 60
41 38
48 55
54 51
42 49
33 70
35 37
