100 1000 1535
33 52
56 51
70 41
53 32
67 52
50 61
45 41
40 58
35 68
50 36
62 67
40 39
32 34
58 40
45 68
44 45
48 39
36 69
42 31
64 35
56 51
33 42
46 62
52 34
47 44
38 51
30 45
37 56
46 50
70 65
50 59
63 40
68 45
70 54
39 42
39 69
47 54
41 68
38 44
49 52
51 52
63 64
66 69
30 40
67 45
61 57
63 70
31 65
31 40
65 30
62 35
39 45
36 46
62 62
38 65
36 50
69 55
60 54
30 63
45 54
32 50
68 51
57 43
70 49
70 51
70 57
54 45
68 54
62 36
66 32
32 45
56 40
58 66
63 53
47 39
43 49
43 31
50 55
50 57
37 66
59 39
53 46
41 54
60 44
50 33
31 45
70 37
43 51
32 53
53 34
48 55
66 61
30 32
65 40
57 69
43 61
50 50
43 55
38 50
56 44
