100 1000 1553
41 51
68 40
62 51
34 30
49 55
43 52
55 32
44 47
43 69
45 70
49 60
52 53
52 40
48 52
46 36
67 45
44 70
56 32
45 45
49 67
66 70
48 33
49 36
43 40
57 58
46 40
56 61
58 68
34 60
36 63
55 45
51 32
61 56
36 50
68 64
52 63
37 58
62 56
62 42
31 60
63 63
44 67
35 50
40 66
41 35
38 49
47 62
67 46
51 52
38 57
38 53
61 45
37 59
33 58
32 50
50 41
57 56
61 36
57 45
67 63
68 38
58 44
68 33
50 53
62 69
51 35
40 55
51 52
65 69
34 41
64 55
48 38
69 58
42 47
44 53
57 55
65 51
66 47
42 62
31 48
32 41
59 61
59 35
55 55
31 35
37 70
33 69
57 31
38 46
41 55
57 53
68 60
61 57
55 39
54 70
39 31
36 32
32 38
45 64
50 64
