100 1000 1497
39 66
68 69
63 57
54 42
42 55
51 65
58 65
38 45
40 41
55 64
35 34
51 44
51 44
37 37
35 38
44 56
67 41
57 70
66 61
55 39
44 36
42 58
40 63
33 44
31 39
37 30
58 40
31 44
54 57
31 50
55 39
33 30
59 52
40 67
56 51
59 56
43 65
65 61
58 56
34 56
58 57
31 66
47 36
61 56
45 61
40 49
65 62
36 53
38 61
36 30
42 39
53 38
69 69
68 38
49 60
43 61
57 65
62 42
69 35
58 46
35 63
67 57
50 31
51 51
31 44
38 30
30 50
57 45
58 64
63 31
70 54
40 42
52 53
39 44
54 52
46 30
55 33
43 63
68 30
38 48
64 60
38 34
65 39
40 37
54 43
52 32
43 37
42 45
68 69
59 45
42 65
51 44
33 41
61 30
62 41
41 63
32 34
38 64
41 44
53 40
