100 1000 1462
58 65
66 31
45 40
38 41
54 48
30 42
46 30
58 33
66 68
54 50
48 48
43 33
37 32
49 48
31 55
36 31
32 56
39 46
45 68
61 68
55 48
39 46
60 50
56 65
34 60
41 47
70 41
64 32
69 34
62 30
59 65
70 55
55 54
53 59
62 49
70 32
37 48
57 52
47 40
61 69
50 64
36 58
66 66
41 54
31 34
49 30
38 65
63 63
50 37
69 42
52 67
70 56
40 60
39 68
58 56
61 56
54 32
50 40
37 36
40 47
66 57
69 69
63 30
61 48
48 50
55 59
58 41
34 34
55 67
34 42
48 60
43 48
57 53
66 32
35 48
60 42
30 62
56 57
66 48
64 37
37 42
59 60
65 70
36 65
69 68
50 38
31 37
40 35
46 38
68 68
33 68
62 35
46 41
58 64
68 52
69 47
62 48
35 66
37 34
70 57
