100 1000 1601
30 61
53 59
37 54
69 62
45 44
52 62
58 53
36 53
65 46
44 38
34 31
57 41
33 62
40 62
66 46
36 51
44 50
38 49
64 44
38 39
31 44
32 42
45 56
51 48
38 39
30 43
42 32
33 63
57 66
33 35
46 43
48 37
69 49
33 63
41 44
65 39
56 46
69 61
30 42
70 63
59 59
32 67
36 61
61 50
30 42
54 41
65 30
65 56
56 64
50 70
52 39
59 48
57 44
47 40
59 52
48 58
49 51
35 45
33 70
68 69
41 65
49 40
62 42
65 65
67 45
53 42
35 30
35 31
36 36
60 61
33 57
56 30
40 70
57 43
70 67
44 33
70 51
36 52
33 43
55 43
49 69
36 67
69 38
60 64
57 52
31 47
54 55
45 44
45 40
68 31
58 46
56 44
56 46
53 36
34 30
38 69
36 56
34 33
43 51
53 65
