100 1000 1476
39 52
63 61
39 46
32 67
63 35
60 36
46 31
52 44
52 54
35 31
64 57
51 50
39 39
44 42
33 36
42 39
56 40
41 30
60 42
65 58
54 58
44 34
49 64
60 65
38 65
45 32
41 55
59 44
52 59
35 31
60 44
64 49
35 53
48 42
31 61
55 34
68 49
46 39
56 32
60 45
40 66
46 38
43 35
58 47
49 36
47 56
63 34
64 57
40 47
60 38
36 56
55 60
63 33
60 65
52 31
47 47
53 35
63 55
44 45
45 63
59 42
59 54
31 58
36 44
62 52
52 46
44 57
41 48
49 56
41 60
44 51
45 60
34 39
51 45
51 63
52 60
36 63
56 59
39 36
59 39
66 32
61 42
34 66
66 54
37 65
44 46
42 62
38 50
39 62
41 36
65 56
53 43
56 53
44 43
67 32
64 43
50 31
62 32
69 36
59 66
