100 1000 1562
48 54
50 30
61 70
53 63
51 52
36 68
66 45
34 34
43 67
46 51
64 57
53 51
50 65
40 35
54 41
32 56
34 32
39 67
40 35
66 35
39 48
33 37
51 56
54 63
51 56
58 44
38 43
35 43
48 58
65 63
34 59
37 57
30 59
61 44
66 46
44 49
45 47
48 37
31 59
59 70
68 52
49 43
58 60
46 46
31 57
70 47
40 60
41 34
42 42
67 38
69 44
56 67
30 48
60 56
35 43
31 30
48 58
59 51
49 66
49 40
44 59
31 44
30 35
61 64
35 50
54 51
49 35
68 33
35 56
34 42
32 54
56 67
67 51
57 44
64 31
46 65
45 42
67 40
30 51
42 35
30 34
63 39
53 65
59 34
49 57
52 67
48 60
32 67
36 38
32 66
55 34
63 32
61 39
51 31
39 41
36 44
46 55
45 67
40 35
58 46
