100 1000 1466
45 58
36 57
38 66
38 40
40 69
70 39
53 49
65 69
31 44
33 60
55 55
50 65
58 65
57 40
49 53
48 34
69 50
70 56
54 60
30 48
57 43
49 68
55 45
48 70
44 38
70 46
62 68
54 59
40 33
63 43
63 49
54 47
56 59
36 44
32 45
62 69
61 44
67 47
36 40
43 61
59 62
43 56
66 52
65 46
51 58
39 52
56 69
40 69
45 41
64 60
36 66
51 37
60 52
40 35
67 61
64 36
32 61
70 61
40 52
47 40
70 51
68 37
33 52
47 40
40 52
59 53
66 67
44 52
53 58
36 54
58 58
37 32
57 45
60 67
43 53
59 30
60 47
68 48
34 40
55 62
70 63
66 37
68 65
53 66
65 34
41 52
50 33
66 52
60 33
39 48
36 47
49 37
47 59
48 53
33 32
32 45
66 44
70 49
59 63
43 57
