100 1000 1588
68 56
48 47
35 30
63 31
49 52
38 65
43 55
37 35
42 59
62 70
66 55
37 57
53 30
68 51
35 46
61 68
46 67
47 57
39 70
37 67
43 38
59 63
63 40
50 46
70 50
31 62
65 63
46 53
50 67
38 58
50 35
38 53
55 44
54 69
32 63
69 31
41 68
37 41
69 39
35 48
55 44
51 62
70 36
51 50
42 45
57 39
32 59
39 57
67 35
33 50
43 60
43 42
64 70
53 65
60 48
51 52
48 60
57 35
64 47
35 49
49 67
47 36
61 41
54 35
30 53
52 67
55 52
30 53
69 47
55 37
39 35
59 32
58 56
35 45
31 62
54 44
60 46
51 37
35 60
45 34
32 37
57 33
50 63
59 55
50 31
31 53
38 53
56 62
54 35
34 55
60 32
48 53
66 46
41 65
68 50
70 61
66 44
56 50
64 56
47 54
