100 1000 1489
34 36
70 43
67 31
37 65
53 47
54 66
40 58
62 66
43 56
35 33
65 52
50 45
31 30
39 65
49 53
54 34
51 65
33 45
62 66
70 63
65 51
49 33
32 55
45 53
42 34
36 65
44 34
56 47
56 37
34 45
62 70
64 52
42 40
47 67
31 31
57 31
61 66
42 30
48 57
53 36
47 42
36 70
52 54
61 31
51 39
56 62
60 55
53 47
34 44
35 54
51 48
62 70
61 53
44 36
64 49
67 57
41 67
65 69
57 55
60 50
60 34
66 38
54 58
57 41
60 35
69 67
49 68
51 61
63 53
60 31
48 43
53 56
36 43
64 49
64 54
42 37
46 43
68 30
41 64
46 67
61 66
36 67
60 69
64 39
67 69
66 59
70 32
53 38
50 35
43 58
43 49
50 65
32 69
69 41
41 37
55 66
61 33
60 35
30 48
41 48
