100 1000 1552
36 57
61 50
56 44
52 44
66 33
37 62
49 50
67 53
30 50
63 37
41 51
49 42
69 52
49 30
52 53
63 70
38 32
50 38
52 44
37 46
54 59
46 66
48 60
66 47
45 53
36 63
45 30
41 69
45 61
56 35
63 47
32 33
37 61
44 62
56 59
50 37
44 61
52 55
30 48
40 43
46 54
57 38
42 32
67 68
49 58
62 56
37 64
32 58
37 68
44 40
59 57
47 53
64 55
65 52
68 42
67 67
56 50
63 35
52 63
65 52
33 50
55 61
50 65
30 60
63 49
37 45
30 30
54 70
52 66
42 63
63 49
52 44
30 42
52 30
63 35
57 67
35 53
51 66
45 57
70 62
31 55
47 70
43 57
31 37
67 54
63 42
57 43
63 39
52 59
48 41
69 51
32 53
54 49
48 52
67 41
47 50
60 45
54 45
39 63
60 38
