100 1000 1563
54 42
68 30
34 50
56 30
32 49
52 35
47 33
35 34
69 39
60 52
62 48
46 67
57 40
52 63
34 55
36 39
47 35
47 61
33 44
47 46
53 62
49 51
44 42
51 68
37 70
48 65
41 39
52 54
57 30
70 42
55 39
54 50
57 51
69 33
61 68
47 57
36 67
70 58
46 70
59 33
44 70
41 60
36 65
67 60
63 31
31 53
50 63
65 54
42 70
60 31
60 61
35 35
55 53
43 54
33 62
62 55
53 42
33 57
54 38
69 52
40 66
30 33
52 45
52 41
65 35
57 55
69 35
54 44
38 40
36 54
33 30
60 58
57 69
45 37
40 42
55 62
64 66
49 62
52 47
46 37
43 58
66 47
52 40
60 54
35 39
43 47
30 65
60 44
30 62
52 53
45 38
66 35
65 34
60 64
35 30
67 35
55 46
40 65
43 54
61 61
