100 1000 1512
33 48
44 58
65 51
65 65
56 59
68 57
45 44
41 59
64 46
59 36
67 67
44 45
68 47
58 52
51 59
68 47
44 40
57 60
48 37
41 57
42 53
43 42
69 60
52 43
52 63
51 44
65 32
52 44
46 50
55 61
34 37
46 68
60 49
68 47
44 44
66 39
61 70
30 41
40 31
36 52
43 62
31 60
45 35
46 31
46 69
52 62
49 39
36 36
47 37
35 53
66 59
52 55
40 58
39 58
37 52
62 52
54 61
31 50
58 60
59 37
36 41
46 62
35 64
53 65
55 36
66 49
33 45
35 57
34 58
48 59
41 34
63 34
69 69
37 57
52 30
39 53
70 46
36 48
36 66
56 35
33 40
40 57
56 67
42 55
55 70
46 32
56 39
51 55
51 52
48 42
45 41
33 68
53 51
36 54
48 30
58 32
66 65
65 57
49 36
65 54
