100 1000 1513
68 31
39 39
49 35
57 59
52 56
30 63
66 42
53 42
42 43
70 57
31 55
53 34
51 61
33 45
70 31
48 39
64 48
36 59
56 55
35 67
31 42
68 54
38 35
55 30
39 48
32 33
34 49
45 60
59 65
57 58
37 32
35 66
65 36
57 40
66 53
35 41
33 65
53 34
46 43
36 63
69 48
63 44
64 48
60 59
53 67
42 59
63 31
67 54
37 36
45 60
36 43
35 37
64 33
54 45
34 54
46 39
33 30
42 69
36 50
52 37
49 66
56 42
41 45
34 42
52 60
62 68
54 44
64 57
63 58
64 36
30 40
36 37
46 68
66 47
66 54
37 31
57 67
39 32
55 53
35 54
42 44
63 54
33 58
58 45
33 43
50 32
70 57
43 34
47 49
39 30
47 64
48 44
64 30
69 32
32 54
65 44
50 36
57 52
52 34
35 32
