100 1000 1532
55 67
60 66
61 43
52 39
35 36
70 57
54 57
51 68
43 63
66 42
70 44
47 61
53 48
70 54
38 57
57 32
67 65
35 33
38 41
31 51
58 64
52 62
56 70
67 49
66 49
53 64
53 54
62 65
62 44
34 67
56 65
68 31
50 51
66 33
68 53
67 49
34 33
45 69
55 68
31 39
39 31
53 32
58 42
56 62
30 70
64 63
31 47
38 69
38 58
65 43
60 62
54 58
31 68
64 46
43 53
35 60
62 54
41 62
68 55
53 49
46 30
56 30
37 68
42 56
47 60
33 37
70 47
54 33
34 61
49 63
45 57
55 51
63 55
39 31
57 69
34 56
69 50
61 57
68 62
38 36
62 62
58 70
57 36
58 36
70 52
50 49
69 59
41 31
63 30
47 63
46 65
47 49
51 48
42 60
58 68
63 44
62 33
59 67
34 35
39 37
