100 1000 1642
69 54
49 58
59 50
36 64
53 45
61 42
54 67
62 70
66 52
59 48
37 48
38 62
57 69
57 69
47 30
66 40
52 66
64 68
68 46
49 44
37 43
70 48
69 42
50 36
67 39
36 53
64 31
53 51
46 58
56 65
55 52
38 70
30 60
63 30
35 66
41 30
49 45
62 47
30 54
51 57
32 33
43 36
42 69
32 69
58 30
48 59
48 63
42 65
66 49
33 41
61 37
43 67
43 50
36 42
36 35
60 53
34 60
47 54
59 45
46 49
30 65
30 37
41 48
42 56
56 43
65 65
52 59
30 51
41 45
56 57
51 35
44 48
47 57
65 45
40 68
53 67
31 69
65 40
63 40
58 31
47 48
44 42
30 69
31 64
59 32
43 39
46 63
69 36
40 41
66 40
43 60
55 55
50 46
40 58
32 31
62 56
34 41
36 50
32 37
67 38
