100 1000 1600
48 47
31 34
52 37
38 58
50 36
54 35
69 42
58 53
66 52
39 31
39 63
69 32
65 41
50 45
67 34
39 55
56 62
45 37
61 33
69 50
65 40
69 48
41 44
38 36
59 54
63 45
68 52
31 43
66 53
33 69
33 41
55 55
34 31
70 61
63 39
59 49
66 55
67 40
38 56
36 32
69 57
46 33
36 53
31 62
51 66
61 52
32 45
32 33
70 35
67 49
67 54
47 49
39 38
64 40
47 60
53 43
38 66
35 40
51 51
34 54
58 44
37 30
43 61
30 65
70 67
41 54
62 48
56 70
60 42
42 56
40 51
36 58
42 59
35 52
39 69
46 51
70 37
69 50
66 62
58 30
51 65
39 39
45 60
30 62
35 39
69 58
40 65
59 57
63 53
37 69
45 69
47 53
36 54
65 32
57 56
34 55
31 63
47 54
59 51
31 44
