100 1000 1633
37 54
70 58
48 35
43 35
34 70
39 66
65 60
37 68
46 57
61 46
69 32
59 49
50 36
37 35
54 51
34 51
36 67
51 70
31 31
43 55
55 68
46 59
63 44
42 46
31 65
42 67
34 56
42 41
38 46
43 57
65 58
36 65
32 40
59 51
67 51
67 40
57 61
40 43
55 38
61 45
40 65
67 33
65 34
48 39
42 58
30 53
63 56
60 42
43 47
51 61
48 36
66 68
47 42
56 52
37 42
66 52
65 49
34 50
37 61
39 42
40 60
68 53
60 40
34 58
67 68
42 50
51 39
47 41
34 43
38 67
48 62
32 35
34 68
65 52
50 65
60 52
30 60
47 66
52 52
60 70
33 52
59 36
64 41
46 33
48 58
60 52
62 30
67 38
43 66
59 52
54 64
45 36
63 70
38 50
32 48
46 50
67 46
40 59
55 47
70 66
