100 1000 1426
70 43
56 54
57 61
49 63
35 30
70 70
32 53
70 42
68 58
58 48
39 68
60 61
54 48
58 50
53 34
49 30
62 52
67 31
41 42
48 66
59 32
54 45
50 70
67 54
43 65
32 38
59 45
30 50
50 43
37 54
66 35
43 51
60 51
66 68
37 64
51 43
65 35
66 62
64 64
69 55
67 66
38 31
64 56
39 55
58 60
47 47
62 53
44 31
41 60
47 50
59 69
52 63
49 43
30 52
30 35
32 60
42 56
51 36
47 34
32 33
47 39
64 34
45 68
33 32
56 43
65 59
66 57
54 63
43 57
64 33
57 55
57 56
63 45
69 51
44 51
61 70
58 69
64 36
46 61
46 45
37 54
63 44
53 66
57 47
68 42
32 31
50 50
69 61
49 59
39 40
56 55
54 35
70 31
43 63
70 31
57 36
66 38
47 55
49 61
54 58
