100 1000 1566
59 35
44 53
56 31
52 49
43 59
63 38
34 48
66 41
50 36
68 62
55 42
65 66
57 43
60 48
46 67
60 30
46 61
43 66
33 56
61 70
70 69
43 35
65 61
63 46
32 34
48 37
46 46
37 34
49 34
32 64
49 46
30 35
44 37
45 65
65 48
31 60
37 52
55 57
64 50
34 56
55 64
53 59
35 50
64 34
36 53
34 32
45 33
33 33
49 58
58 55
30 56
68 69
48 58
54 54
44 56
60 48
33 42
68 58
60 46
48 62
52 58
62 35
35 60
40 63
42 56
35 63
59 41
47 51
66 66
66 42
55 56
66 52
33 59
51 63
41 31
40 51
56 36
49 51
66 32
60 63
44 45
68 62
34 57
45 68
43 46
41 65
64 52
44 48
31 66
45 31
45 44
39 59
49 48
46 48
49 64
40 63
35 36
60 40
66 56
46 32
