100 1000 1496
37 32
50 38
70 67
54 44
67 43
46 48
54 50
60 60
67 38
37 60
32 47
33 33
54 51
63 62
32 69
39 66
46 47
57 53
30 56
35 46
47 50
38 68
56 62
47 60
30 58
70 37
54 51
68 35
55 62
60 40
46 59
62 32
57 38
52 38
67 46
59 58
46 69
63 34
48 61
48 53
40 42
35 40
52 35
61 41
63 45
62 31
50 55
66 31
41 44
31 51
64 60
43 30
50 43
31 59
45 32
34 61
70 54
66 53
38 63
42 46
67 38
51 50
67 56
59 48
63 37
52 64
37 58
59 63
64 66
44 67
49 58
68 62
38 31
40 63
48 53
68 68
48 31
37 31
45 52
62 32
61 46
33 39
40 56
39 47
70 60
41 47
69 31
47 45
61 44
33 45
64 38
59 62
54 69
63 51
66 67
52 39
70 34
51 45
40 38
65 40
