100 1000 1440
30 58
62 33
56 55
65 48
63 32
42 49
62 46
50 66
67 63
33 36
63 31
54 60
65 37
48 63
43 38
43 49
60 40
47 66
54 30
39 58
56 62
34 36
45 45
58 34
64 61
59 61
70 68
59 61
46 46
58 50
49 46
58 51
62 59
57 67
65 50
31 69
45 33
44 40
47 37
39 58
49 64
50 35
43 40
38 49
47 33
43 57
58 57
52 34
37 50
44 41
51 61
34 48
48 40
58 64
68 63
66 38
54 68
64 33
34 51
40 62
65 47
38 34
37 41
70 40
62 60
52 39
66 61
36 58
67 58
55 70
50 46
34 42
68 57
68 49
38 60
36 52
57 48
43 53
46 38
44 41
38 49
66 38
63 60
30 49
51 43
63 67
55 49
69 65
48 69
59 59
53 66
61 57
30 53
39 34
39 43
39 36
55 69
64 45
42 41
69 62
