100 1000 1456
49 37
57 39
61 55
54 51
48 60
50 48
65 67
65 35
55 60
64 50
66 41
36 43
31 40
41 48
37 62
41 51
68 52
46 32
39 33
55 56
39 67
40 61
39 39
53 60
39 68
43 49
40 30
45 41
31 33
50 67
64 53
43 69
61 66
48 42
57 48
67 64
45 67
54 69
44 47
36 63
52 39
33 43
40 57
33 49
51 42
57 63
40 55
44 39
65 67
37 41
51 45
36 47
44 58
35 30
34 60
40 40
30 34
59 67
59 40
48 42
61 31
47 50
43 34
68 50
67 40
34 36
51 62
47 30
54 66
69 36
38 39
62 51
42 32
69 34
37 39
60 51
33 45
47 39
38 53
66 37
65 30
34 53
58 46
65 33
34 35
37 38
51 62
62 38
69 53
30 67
45 44
37 41
56 56
31 36
54 51
70 70
58 38
46 33
38 47
49 63
