100 1000 1520
70 64
68 47
69 57
36 68
37 49
47 43
47 43
49 39
50 44
30 59
69 61
54 65
38 58
41 65
44 70
46 54
39 45
31 33
67 42
59 37
69 44
67 62
33 34
52 63
30 61
60 31
44 30
69 31
30 38
39 49
34 46
46 48
53 36
44 46
34 56
44 54
64 34
56 41
63 60
64 58
33 35
66 30
60 44
49 33
42 55
43 31
65 69
54 48
36 52
52 34
58 46
44 48
42 59
60 31
62 66
63 39
56 45
65 58
39 54
30 54
59 46
57 66
66 68
50 67
45 36
67 33
50 49
34 57
58 31
33 58
65 34
37 62
41 52
61 65
55 50
49 54
69 58
66 65
63 64
52 46
37 67
31 59
52 32
37 53
36 34
44 55
70 60
70 67
48 43
60 61
41 32
50 35
62 59
61 32
62 64
44 55
39 54
46 62
65 61
49 59
