100 1000 1487
70 32
32 51
67 59
64 70
58 66
54 61
70 32
60 58
35 61
34 30
66 56
30 35
67 35
43 33
47 48
42 46
51 60
63 39
37 69
68 65
51 57
46 69
56 39
58 38
56 45
42 53
63 56
68 68
66 39
38 37
60 33
51 46
67 53
43 37
31 61
50 58
36 62
39 36
52 45
49 49
63 46
67 68
51 34
54 45
47 40
60 32
68 33
39 51
34 62
69 63
45 55
54 43
36 54
45 45
51 40
48 43
63 41
46 56
61 36
56 33
70 61
54 41
47 59
57 42
52 33
58 57
58 37
49 40
56 30
65 58
46 58
30 55
50 31
40 61
30 42
69 42
70 53
51 54
48 64
61 39
67 61
37 60
34 48
65 60
34 65
41 34
52 51
50 57
49 70
58 65
47 69
52 58
59 34
46 70
67 51
47 45
31 33
32 30
66 56
32 44
