100 1000 1575
57 47
68 64
70 59
57 32
63 45
37 38
41 54
56 65
37 58
42 58
52 50
55 37
55 44
41 30
30 55
32 67
57 31
58 40
68 38
41 43
41 49
37 49
32 61
56 59
35 59
30 59
35 65
62 43
61 64
55 40
37 39
59 59
52 44
30 32
70 40
64 52
33 48
33 55
46 70
46 34
60 43
49 64
43 30
44 53
48 50
62 67
41 64
49 67
42 33
56 45
33 36
47 66
36 53
68 62
53 62
31 62
59 62
58 67
40 67
58 66
48 32
70 47
69 35
61 44
48 46
43 58
44 49
32 45
69 46
69 41
66 31
62 67
59 33
55 62
70 37
38 52
68 40
68 37
31 56
40 36
39 36
46 40
48 70
63 44
49 37
43 44
49 67
58 56
53 60
62 36
56 31
32 65
43 46
43 46
53 51
41 46
46 57
61 62
34 50
36 50
