100 1000 1538
48 49
42 52
32 55
45 66
67 69
46 59
45 39
39 50
47 31
44 37
31 45
59 35
67 58
31 48
43 64
36 38
54 56
38 30
32 40
59 70
41 36
66 50
53 65
40 55
35 51
62 44
53 57
45 40
53 55
65 44
67 39
65 53
58 62
30 32
33 66
62 48
38 38
58 55
38 30
40 35
68 54
50 51
33 31
56 55
66 47
61 49
62 44
47 42
32 49
55 68
54 56
62 36
53 52
41 55
69 50
50 58
41 47
55 35
55 44
53 44
60 45
49 50
46 44
44 50
40 70
59 38
60 48
56 41
60 70
67 31
39 62
37 57
31 61
30 69
55 57
70 49
39 66
61 56
43 54
68 61
51 60
59 35
37 49
55 38
31 63
41 63
66 69
59 40
31 39
51 37
54 50
34 53
60 49
40 70
44 45
37 31
47 32
61 34
46 48
31 41
