100 1000 1604
54 46
38 38
67 50
64 53
32 65
66 31
45 39
30 31
32 58
53 60
52 46
70 65
61 40
46 40
49 65
64 31
41 45
63 34
64 31
50 58
36 40
62 56
40 52
52 39
68 70
34 34
41 67
69 49
58 37
60 30
65 60
37 59
53 40
69 46
70 64
35 55
32 54
38 64
33 70
30 46
34 58
41 69
70 49
69 53
39 34
61 47
37 39
40 65
66 58
69 53
47 38
54 61
35 44
47 32
37 34
41 45
45 56
40 40
41 65
46 49
66 65
54 61
60 45
61 64
58 37
63 44
67 56
60 45
32 69
32 55
52 38
41 68
68 39
70 56
47 60
54 44
36 49
53 68
37 44
34 36
44 56
68 52
49 56
68 38
43 44
39 35
50 66
70 36
34 47
54 61
66 69
60 53
39 66
40 70
52 41
43 47
62 48
34 62
45 64
38 49
