100 1000 1603
46 39
46 63
42 57
65 46
37 40
61 35
44 67
34 32
64 52
48 45
60 53
33 64
38 59
44 68
43 40
53 63
50 44
63 47
56 70
40 44
66 48
34 35
49 56
48 54
46 58
36 34
62 59
67 32
56 42
56 64
41 66
45 41
70 54
61 37
45 70
57 32
68 51
45 57
65 41
36 44
68 46
51 70
68 39
32 63
58 37
66 56
47 42
49 44
35 63
34 32
31 50
68 46
60 62
63 47
55 50
61 64
62 52
38 33
47 63
43 50
30 62
35 45
65 70
60 57
44 35
69 61
62 62
31 61
34 38
30 34
52 59
68 39
42 62
39 31
36 37
42 31
39 65
47 61
30 40
32 67
62 49
54 49
34 43
30 54
39 43
35 68
31 70
68 50
49 36
45 70
56 36
44 30
38 34
50 42
35 41
60 60
30 34
61 43
40 40
54 70
