100 1000 1566
41 39
52 53
57 44
38 45
59 63
45 67
48 67
50 33
35 41
34 43
67 51
36 51
62 62
36 37
55 64
62 51
70 41
30 37
43 36
49 54
55 59
32 43
63 51
38 48
34 38
33 50
43 45
55 53
37 61
35 59
31 30
33 44
64 52
64 30
65 42
55 42
44 67
41 52
33 64
38 47
69 31
59 41
39 57
37 69
33 60
31 35
65 62
59 43
41 43
50 68
47 32
51 62
64 47
47 70
62 49
65 55
32 39
46 58
38 33
46 39
32 56
54 31
49 70
63 46
65 64
36 64
67 67
39 50
31 58
69 35
68 63
47 58
34 43
52 62
60 36
45 50
70 56
55 49
61 65
34 67
32 42
65 64
34 44
46 41
41 34
59 41
44 43
31 30
44 53
64 44
54 53
43 35
34 70
63 52
56 63
35 50
33 60
38 37
38 51
54 63
