100 1000 1457
62 43
44 62
40 39
30 39
34 36
62 60
60 31
37 59
58 65
37 51
39 44
39 58
49 52
49 57
45 54
34 52
44 54
37 47
66 49
35 62
70 47
45 56
62 51
52 41
56 60
36 43
60 70
52 42
39 46
55 69
32 55
44 69
37 43
49 48
54 60
43 41
64 41
37 54
47 68
34 34
54 43
55 69
37 33
53 67
69 32
35 70
61 68
48 58
69 49
59 61
49 51
41 45
68 65
64 45
63 37
54 33
51 30
62 53
33 63
52 56
31 40
63 49
40 65
60 61
57 55
32 34
55 32
54 49
40 61
33 40
60 45
49 41
43 55
66 49
46 53
59 43
32 36
43 62
45 43
52 42
49 51
68 39
34 38
66 36
70 34
56 61
66 64
37 46
69 66
33 50
44 42
47 43
53 47
49 45
37 30
43 44
68 45
54 41
50 67
46 32
