100 1000 1548
46 37
39 56
44 65
49 53
59 52
51 57
45 41
50 56
49 60
31 57
43 41
33 38
52 32
44 35
60 65
39 53
53 45
66 60
40 70
51 70
59 51
42 35
68 63
47 58
32 55
65 39
55 67
70 52
52 59
45 67
54 68
38 34
68 48
60 66
37 34
37 60
60 59
45 63
41 59
36 46
51 67
50 30
38 57
35 62
69 60
64 45
59 48
41 49
33 52
48 58
63 64
62 53
46 33
32 56
53 52
43 55
44 53
33 45
58 67
35 45
37 58
63 34
31 61
70 70
66 36
54 59
50 41
58 35
43 61
31 56
58 38
69 70
30 36
50 35
60 45
63 67
70 62
37 61
52 32
39 59
48 49
31 40
59 42
36 41
46 42
30 70
70 40
54 57
56 46
49 40
63 61
50 35
58 38
61 57
39 40
49 50
33 31
53 36
59 44
63 60
