100 1000 1548
57 30
35 46
63 58
53 46
38 48
39 48
49 57
62 54
57 48
35 49
43 59
63 60
34 69
46 51
30 36
31 41
51 64
37 44
40 46
49 36
53 52
68 45
68 44
57 56
37 58
48 61
42 38
42 35
65 47
59 66
54 38
47 48
55 38
30 68
53 40
34 67
36 31
70 65
44 67
40 51
51 58
37 61
59 31
42 52
61 37
30 69
61 42
70 38
46 38
69 64
65 57
59 67
48 35
30 49
30 33
48 69
33 38
41 55
55 38
70 30
59 51
56 39
56 59
43 50
36 64
39 47
50 56
48 34
39 32
65 70
70 52
44 41
34 32
65 37
63 48
56 54
60 64
45 58
49 45
46 66
52 43
32 63
36 35
50 55
48 68
39 30
31 30
42 35
44 34
42 50
47 45
31 69
70 55
52 43
49 56
43 70
42 39
56 48
61 32
50 44
