100 1000 1428
39 48
66 40
33 44
69 30
45 36
52 45
55 64
56 39
47 53
64 55
43 66
37 36
39 59
54 35
63 68
56 64
38 32
39 38
46 36
65 40
54 60
62 57
63 56
44 46
66 40
60 35
44 42
37 65
39 61
57 32
50 34
41 50
55 56
63 46
56 55
57 37
60 63
36 41
37 34
40 66
63 68
30 49
57 41
60 31
61 38
40 45
38 39
57 53
31 45
67 48
49 65
58 65
44 32
57 54
63 49
41 38
46 54
57 55
39 41
68 48
67 46
47 46
54 61
52 37
62 48
34 51
41 39
44 33
61 47
46 64
34 68
35 45
38 37
33 50
65 57
56 67
37 61
67 42
62 40
69 58
32 38
36 53
52 66
54 46
61 47
65 30
63 55
50 30
42 30
42 55
57 32
53 34
42 32
50 64
51 43
44 32
67 47
63 34
38 67
49 45
