100 1000 1525
53 30
40 47
65 64
39 67
45 38
47 45
69 43
48 46
43 63
68 41
46 50
48 66
45 36
57 70
35 66
48 33
61 41
35 30
32 31
69 60
70 34
47 52
66 34
34 37
46 34
69 48
30 32
57 59
39 58
60 35
52 70
38 61
30 40
31 40
68 43
65 37
36 61
59 68
57 64
52 63
59 58
44 59
64 34
47 60
35 63
46 48
68 58
39 60
65 67
44 55
34 38
66 45
49 54
57 60
37 51
40 57
49 68
68 49
34 68
39 64
69 43
69 62
30 46
53 41
61 41
63 36
38 63
50 54
47 35
30 48
57 64
57 44
58 65
37 35
53 52
69 68
66 65
43 54
38 46
69 34
57 40
40 63
67 58
36 54
65 68
62 42
43 34
47 51
49 41
32 48
38 42
62 70
65 33
53 56
60 46
32 34
31 55
70 64
52 37
37 32
