100 1000 1504
43 43
42 52
43 68
53 61
39 60
30 63
46 59
39 36
54 32
70 48
61 32
51 59
57 31
50 43
55 54
41 69
54 65
46 50
36 49
44 55
42 55
42 48
51 51
60 58
69 44
37 65
59 70
68 41
51 38
68 38
38 44
41 35
44 61
36 60
66 59
31 58
68 66
55 31
52 63
41 67
66 32
40 48
63 61
68 42
38 54
36 60
58 49
49 32
53 46
43 31
62 54
60 53
52 45
36 32
69 32
57 54
56 49
55 70
69 33
47 52
62 42
61 57
65 36
34 65
57 49
36 35
53 39
41 56
32 39
51 34
63 69
52 52
70 54
44 50
32 30
43 42
51 44
42 60
69 55
37 46
63 41
52 54
39 47
51 63
54 61
32 56
55 56
43 45
52 63
68 68
33 41
50 54
50 66
56 42
63 67
48 42
70 49
51 34
59 37
31 67
