100 1000 1589
67 45
30 55
70 46
33 43
30 68
30 35
35 65
45 56
69 48
50 44
65 33
33 38
34 31
48 34
46 35
66 59
70 70
39 38
43 54
30 58
68 46
69 56
35 32
70 70
55 69
43 30
57 35
69 69
36 54
51 51
62 37
36 43
57 54
56 61
40 36
63 56
66 58
70 46
56 59
38 55
63 42
36 57
54 30
38 65
46 31
56 35
55 31
55 38
46 42
47 39
69 35
47 42
50 50
52 44
64 30
53 52
56 48
35 64
53 69
41 60
30 59
42 37
34 51
43 67
68 30
32 64
44 39
66 55
54 36
37 70
66 58
70 65
50 55
42 66
32 70
51 68
58 63
70 35
66 64
33 47
47 53
41 50
53 67
55 67
30 38
30 30
50 36
32 30
30 41
70 43
50 68
51 32
68 33
43 69
57 43
60 46
60 62
69 54
68 45
61 48
