100 1000 1497
51 61
42 46
43 59
46 51
44 41
55 55
54 57
56 62
59 42
34 65
70 59
37 69
39 67
47 30
64 37
56 61
62 63
68 44
69 70
70 68
52 41
34 53
65 58
56 69
51 63
61 62
59 30
31 61
44 32
66 58
43 41
34 37
52 44
59 35
40 62
53 48
50 67
49 44
66 48
55 70
31 36
70 33
61 49
35 51
69 58
54 51
70 39
51 63
51 42
56 39
60 49
57 62
70 57
47 46
67 62
39 49
68 47
70 30
31 69
46 30
34 38
40 64
58 37
60 70
32 46
70 36
47 32
30 43
37 64
32 45
62 66
56 56
37 53
35 61
69 68
68 69
49 67
63 55
66 41
48 58
39 40
66 52
51 54
64 58
66 48
42 46
42 42
47 42
67 67
41 43
62 35
63 30
65 57
31 31
68 68
37 62
69 41
32 40
69 30
45 55
