100 1000 1569
43 31
38 56
56 33
63 59
39 45
36 50
33 51
69 54
50 70
66 51
57 39
66 51
68 68
53 49
42 35
44 36
43 63
57 42
38 34
48 46
70 53
46 41
53 61
38 60
68 30
37 68
44 43
33 62
39 33
57 62
39 49
39 63
36 43
53 48
51 46
37 32
42 38
41 59
60 65
43 30
32 31
37 62
63 44
32 37
54 51
60 40
39 42
34 40
35 41
58 67
63 47
70 51
68 36
62 51
62 65
70 50
54 55
36 58
34 32
61 37
47 59
37 45
53 70
56 59
57 49
34 67
30 56
54 32
38 35
33 69
30 46
46 37
64 54
51 42
33 68
39 69
36 50
57 32
62 35
44 57
56 69
32 64
51 34
38 48
51 59
46 48
43 57
54 40
51 66
66 66
52 43
38 49
51 68
44 48
56 60
40 55
30 36
44 38
51 61
59 40
