100 1000 1603
60 54
57 33
63 38
39 54
62 39
56 56
44 32
36 34
70 69
51 48
63 37
59 52
49 64
60 53
38 30
31 32
53 35
68 31
66 32
36 51
49 48
40 58
66 63
64 68
32 37
41 51
67 41
51 61
41 70
67 58
33 32
38 37
69 49
35 42
70 35
32 59
37 49
67 59
39 53
67 37
56 37
64 33
40 50
60 69
33 60
58 43
53 31
51 58
40 56
40 61
47 37
41 60
59 49
50 45
61 45
52 42
55 30
47 44
38 69
39 39
35 53
62 63
43 67
59 66
45 41
35 51
57 67
52 48
43 58
35 30
58 37
31 40
32 59
54 34
36 30
57 55
64 63
36 59
51 45
44 37
38 44
47 47
31 55
42 40
69 54
36 62
30 65
70 63
36 65
51 69
53 60
69 68
35 31
40 58
64 51
40 67
31 47
46 44
39 67
33 68
