100 1000 1528
55 55
37 58
39 54
53 49
60 46
33 36
43 37
55 31
70 64
61 42
54 58
62 52
63 41
61 39
56 69
49 31
42 34
57 53
57 67
55 62
46 33
40 68
60 47
65 31
51 63
53 49
52 43
50 59
40 35
39 31
59 64
51 48
41 63
40 38
51 55
53 44
51 65
49 61
52 38
36 54
41 42
32 63
48 58
32 60
62 48
54 51
70 63
47 45
64 51
67 45
33 31
39 67
50 32
39 41
68 37
47 53
51 53
46 67
66 61
41 31
38 56
46 68
59 40
41 31
52 54
41 69
43 49
63 40
46 69
59 47
40 42
52 35
56 37
37 69
36 61
43 31
30 70
32 45
58 52
66 49
41 61
68 43
47 47
52 43
48 34
34 55
64 43
33 53
34 39
42 36
61 59
63 44
65 68
40 43
65 45
67 49
51 52
44 49
70 58
41 50
