100 1000 1636
58 38
45 37
50 53
37 66
40 55
33 57
49 67
61 51
37 55
36 53
67 37
51 51
62 53
42 42
57 51
32 52
58 49
35 62
32 30
41 48
50 66
54 68
49 40
70 47
33 56
68 50
35 61
51 38
67 35
54 31
54 63
66 61
46 44
30 36
66 34
48 67
33 52
68 53
59 48
31 58
69 48
42 36
33 67
48 39
67 49
68 61
32 68
46 36
60 54
41 65
31 50
59 38
43 59
68 59
56 39
46 64
38 37
43 33
35 64
33 64
44 45
41 60
35 43
46 35
64 68
56 50
67 62
55 59
67 40
30 59
56 66
63 57
66 34
49 51
59 35
70 63
60 48
56 35
33 62
46 58
46 40
49 46
58 33
32 31
53 60
61 58
70 68
37 68
46 62
35 36
69 40
34 32
66 49
31 46
66 57
67 61
48 55
42 65
68 70
61 54
