100 1000 1703
32 69
68 57
60 51
37 44
31 64
48 32
69 57
44 58
57 61
42 46
36 69
67 60
56 34
56 37
34 49
70 39
59 61
46 58
35 55
58 39
33 57
48 59
59 48
30 69
48 56
67 49
39 54
56 49
53 60
68 60
54 41
37 68
64 34
52 63
62 56
36 59
35 66
42 33
38 36
45 61
45 52
52 61
49 31
35 46
47 60
50 66
61 68
30 59
68 48
62 69
46 38
43 40
39 58
30 43
54 44
51 40
39 54
41 62
53 68
48 54
65 43
41 31
33 55
32 32
31 39
37 58
34 67
37 55
46 41
60 55
69 33
35 39
53 63
62 43
65 49
33 70
36 33
55 53
41 32
41 59
45 43
53 47
42 67
33 64
45 34
55 67
69 60
52 52
41 51
43 39
64 38
35 53
35 52
57 34
41 53
36 53
37 69
61 52
37 53
33 62
