100 1000 1598
52 31
49 59
32 37
59 42
65 63
34 55
46 64
61 56
39 59
53 46
46 46
53 36
46 56
53 33
47 61
45 66
41 67
66 63
30 47
65 40
64 44
52 58
32 48
33 47
32 56
31 70
53 48
40 67
50 50
54 37
42 54
45 32
60 47
49 52
58 49
64 60
53 47
55 33
69 37
64 38
56 57
32 61
32 63
62 49
36 45
49 35
36 34
41 70
47 68
63 35
39 38
59 64
55 57
65 45
55 61
56 39
46 65
70 37
30 45
45 33
54 57
46 69
50 45
55 70
63 39
32 52
58 50
36 70
60 45
42 35
64 36
67 62
48 58
65 68
37 51
45 47
43 32
44 44
50 34
41 39
41 39
48 45
43 42
33 33
50 60
30 44
46 50
36 56
33 54
33 63
67 57
31 31
53 58
59 41
63 44
63 46
70 55
44 52
34 57
64 38
