100 1000 1524
39 52
53 58
52 54
38 53
55 46
53 70
68 39
58 55
51 48
39 60
58 60
39 35
57 48
35 55
31 47
40 37
47 42
64 30
58 67
69 36
61 49
30 39
44 41
31 53
32 62
38 49
69 34
60 47
64 46
47 35
57 33
55 58
66 65
46 66
60 48
55 36
30 53
68 58
40 67
68 34
52 31
45 49
64 47
39 67
47 32
48 31
60 48
31 48
50 66
37 38
47 65
63 60
49 70
59 56
59 60
61 30
48 50
45 45
56 51
49 63
48 37
51 42
70 40
64 40
48 48
61 50
42 38
36 66
52 35
50 35
46 46
31 44
40 66
44 50
70 43
51 69
65 43
48 50
58 47
53 36
34 70
39 50
70 69
38 54
58 42
45 60
69 52
64 54
65 62
54 34
52 41
36 58
63 54
68 43
38 32
53 65
47 41
37 41
62 57
45 68
