100 1000 1536
65 41
38 42
32 55
49 45
33 41
41 40
31 56
41 31
68 66
43 54
37 52
46 44
37 54
31 63
69 57
30 38
40 34
38 38
58 40
59 36
63 31
33 68
49 40
69 43
34 32
51 37
67 68
46 38
31 63
60 64
70 59
62 34
65 40
49 32
55 30
32 38
64 49
32 40
70 40
43 66
70 38
47 49
46 37
55 51
58 48
57 63
67 65
36 56
52 44
55 40
39 32
69 39
58 54
52 43
55 40
67 53
44 53
59 56
66 42
39 36
61 60
48 57
42 62
41 57
44 67
64 35
41 67
69 40
58 49
53 70
69 70
51 32
46 54
30 62
50 36
30 43
43 38
60 30
40 60
49 58
48 46
43 56
62 53
52 49
56 67
57 32
39 36
48 49
35 62
52 61
40 68
49 55
46 31
40 59
46 59
50 63
64 45
51 32
52 46
50 69
