100 1000 1559
55 33
58 64
64 70
58 68
32 30
48 51
50 36
45 57
69 47
62 52
63 58
54 47
59 35
57 67
48 63
55 36
34 62
45 34
37 54
45 34
30 60
41 36
38 37
50 38
55 35
37 60
40 52
59 67
65 41
43 37
45 43
39 48
30 43
55 43
60 36
38 44
37 69
58 40
31 47
65 42
33 52
61 65
42 61
64 64
69 37
49 68
31 64
48 65
48 66
51 68
32 34
39 47
54 40
65 39
39 62
43 57
67 70
50 49
57 55
64 37
32 33
41 61
43 48
68 49
41 38
62 39
65 70
65 66
46 62
51 51
40 68
64 61
53 43
49 53
68 37
45 57
64 42
56 57
57 57
31 63
44 65
62 46
49 43
63 69
43 41
31 70
62 30
37 64
62 35
51 36
48 51
53 70
45 58
49 59
41 32
40 49
68 31
47 69
62 40
67 48
