100 1000 1491
40 36
65 50
48 32
65 42
57 60
55 33
47 65
30 41
49 39
34 33
51 31
58 54
60 43
70 44
56 37
30 61
47 64
53 38
66 58
56 32
41 65
60 39
59 38
48 61
40 69
66 57
64 66
42 33
46 42
46 50
47 65
38 52
52 48
33 65
43 44
31 35
52 65
39 53
32 48
67 51
70 56
39 36
35 42
31 57
50 70
30 63
65 57
48 35
68 57
36 39
58 67
44 57
37 52
63 36
63 34
44 41
36 54
60 38
57 56
45 50
44 47
34 43
35 33
70 46
55 35
44 67
34 44
37 35
44 35
42 40
40 44
63 58
59 53
52 65
68 69
62 31
59 66
52 67
39 55
35 48
43 42
48 32
52 38
45 51
68 37
58 55
70 31
41 32
46 57
64 54
45 48
52 39
67 59
64 39
66 36
65 35
44 47
67 70
55 40
30 70
