100 1000 1474
55 38
38 46
38 42
46 43
59 44
43 60
59 56
69 53
43 59
44 64
40 63
57 64
45 41
41 52
42 51
56 49
41 49
40 54
35 54
30 33
35 46
41 60
37 38
70 36
44 59
58 45
34 57
61 63
39 31
44 40
43 63
60 40
66 47
47 46
56 37
51 62
40 66
35 67
65 36
48 66
63 69
55 50
54 58
36 68
40 38
53 60
54 60
68 58
66 33
39 61
61 57
44 51
49 62
68 36
40 54
48 50
59 48
56 30
66 56
42 69
60 50
66 69
44 42
66 63
38 36
35 52
33 36
32 51
66 57
34 38
49 30
50 60
59 60
50 65
55 57
50 37
64 36
37 52
48 50
54 60
47 62
66 51
30 39
59 33
56 43
66 69
38 32
59 44
47 36
59 62
36 31
70 56
41 51
51 48
66 32
30 35
69 50
55 37
58 48
34 50
