100 1000 1589
46 33
52 41
60 69
34 32
52 49
55 69
64 41
32 31
31 69
41 63
31 62
56 57
46 52
31 47
31 54
65 52
35 59
50 65
47 45
33 46
69 32
33 64
46 58
34 62
63 39
65 65
38 40
40 52
50 64
45 52
57 37
52 44
51 36
34 38
45 66
35 57
48 47
44 35
59 56
36 49
51 49
42 38
39 44
45 36
67 48
51 57
55 47
36 51
69 64
42 48
60 56
38 32
53 37
44 55
57 45
55 49
66 48
46 39
59 58
68 50
35 53
41 58
31 37
45 36
58 69
59 59
39 61
66 59
55 34
55 55
31 68
51 57
42 43
31 61
41 55
66 33
51 69
52 46
60 41
48 52
32 48
58 52
53 53
43 33
40 58
54 30
53 30
43 59
54 47
35 51
50 36
70 39
48 59
30 70
35 31
68 66
50 67
58 69
67 57
60 67
