100 1000 1581
38 70
65 53
55 63
63 63
32 64
35 51
58 69
42 56
33 61
58 69
33 30
38 53
33 39
51 49
49 64
58 62
54 54
42 53
69 67
42 61
68 39
36 45
33 68
59 42
43 37
66 67
34 65
58 43
65 43
35 40
64 32
46 60
34 51
32 57
51 33
43 66
67 44
54 67
55 41
42 64
61 66
66 52
66 43
32 63
68 64
47 34
46 66
41 61
36 33
70 65
64 69
67 66
70 57
40 61
58 58
44 55
45 48
54 61
42 53
40 37
52 34
70 54
58 49
70 61
64 33
68 60
51 50
48 53
39 32
65 36
56 69
69 52
64 36
61 50
61 45
52 33
37 69
59 33
30 53
31 35
66 32
49 36
62 70
65 42
51 38
43 35
60 35
41 37
57 54
35 35
30 68
42 31
58 67
43 42
32 51
35 32
69 52
50 40
39 54
35 34
