100 1000 1611
44 65
39 61
31 63
41 60
38 37
53 48
56 36
42 32
45 48
66 31
51 70
68 64
41 56
56 52
46 52
67 45
45 43
42 59
55 35
49 31
53 42
33 63
64 70
63 60
54 43
35 51
33 42
32 64
36 40
62 64
36 53
42 64
68 52
35 67
36 43
44 62
42 67
44 33
69 62
56 37
61 50
56 63
61 41
60 70
68 67
58 67
57 54
50 69
30 63
52 66
46 54
42 59
38 43
41 35
31 45
64 39
38 58
42 37
38 69
42 41
52 69
42 31
68 49
46 55
70 43
50 57
66 41
49 64
62 53
37 68
56 36
36 41
51 44
57 43
55 31
66 59
42 62
58 59
61 34
35 59
40 69
63 50
52 44
41 36
35 38
40 34
55 58
39 40
54 32
59 40
62 66
63 58
58 35
30 59
62 61
34 43
67 52
52 54
34 57
54 49
