100 1000 1615
56 36
53 64
65 67
30 37
37 60
45 42
44 40
59 39
54 56
47 48
33 42
50 52
58 41
69 53
63 40
65 36
31 55
61 36
49 47
42 32
33 60
31 46
51 65
61 53
44 46
38 67
43 66
67 57
62 55
44 61
51 47
51 42
39 49
56 39
48 50
60 49
59 62
35 57
36 65
38 66
37 32
38 54
55 50
65 41
51 64
67 50
36 54
45 48
59 65
48 58
56 40
34 51
36 68
31 57
68 62
36 70
44 38
42 34
30 36
70 38
70 46
50 67
47 47
66 46
49 67
39 42
46 61
49 34
42 60
56 70
36 30
69 33
41 55
34 37
59 63
61 66
48 55
45 63
53 33
61 37
31 54
58 37
38 49
34 59
33 30
50 40
66 32
62 44
54 66
61 42
38 67
36 35
42 33
45 64
35 54
31 66
37 41
42 32
39 54
40 62
