100 1000 1584
65 41
52 66
68 69
42 62
55 55
38 65
40 43
47 37
69 60
43 64
57 44
48 40
40 34
37 68
32 60
60 69
59 53
49 40
51 30
66 38
58 57
43 61
36 66
50 49
36 35
44 53
31 47
45 70
68 56
49 42
35 55
62 36
38 50
37 49
47 35
50 59
60 66
43 45
46 56
57 70
32 68
68 50
67 30
61 30
62 48
40 38
39 59
41 35
38 39
45 62
36 67
64 47
41 49
36 34
37 36
63 62
46 70
50 33
58 32
40 69
60 30
30 68
44 45
40 39
49 57
68 53
41 52
54 35
63 59
32 68
54 60
50 43
70 65
57 42
54 60
54 35
40 66
42 66
56 32
70 35
44 56
66 32
54 38
32 31
33 36
63 51
66 42
69 32
53 61
37 44
32 43
64 49
69 53
48 32
58 59
45 49
57 38
59 65
68 43
36 38
