100 1000 1536
34 62
59 34
52 40
63 45
41 49
51 64
42 62
67 70
30 44
34 51
34 41
33 49
33 47
40 61
35 39
53 59
38 48
31 44
37 49
48 64
55 37
57 36
32 40
63 61
32 37
64 47
50 50
46 51
67 48
61 36
53 63
62 58
42 48
65 58
45 60
60 32
60 48
68 64
48 69
46 60
34 59
31 65
45 55
40 38
39 49
57 68
56 53
61 64
52 63
64 39
45 55
69 38
53 39
61 58
35 56
68 40
58 30
47 62
63 30
48 34
61 59
31 58
42 50
34 55
53 64
43 62
65 53
55 56
65 47
69 62
38 64
67 34
33 45
43 50
55 66
46 45
37 30
64 55
62 48
56 43
37 43
46 31
35 68
65 50
35 70
46 53
63 39
39 44
56 60
64 36
53 30
60 36
45 40
53 31
39 58
33 55
42 52
67 51
66 44
37 46
