100 1000 1553
57 61
64 31
49 37
41 61
49 50
62 66
61 53
65 45
61 59
42 46
46 55
37 35
42 30
45 61
52 48
58 43
42 45
61 57
45 67
45 35
57 38
37 38
70 44
32 66
43 34
41 56
45 52
50 60
50 46
35 62
54 39
62 49
62 65
31 66
52 55
34 43
51 55
53 59
47 39
34 31
44 63
46 57
48 57
57 38
33 47
44 30
52 68
33 66
37 63
69 60
38 31
69 45
67 69
39 50
60 63
34 34
35 49
64 32
48 67
69 36
56 63
53 31
40 49
39 35
33 45
45 51
30 39
38 64
54 63
58 38
39 44
56 62
63 70
57 60
63 44
42 47
32 67
30 66
42 54
70 57
41 35
61 45
41 38
69 54
58 33
41 47
34 69
57 68
50 40
53 30
50 45
56 53
40 46
43 62
59 38
48 49
30 58
58 65
31 34
55 64
