100 1000 1583
40 47
50 61
51 33
30 69
60 36
65 56
67 54
32 57
50 36
30 64
46 33
43 47
58 44
43 56
31 54
51 58
42 59
59 49
34 64
59 62
46 48
61 53
38 34
34 53
44 50
34 41
41 57
49 54
38 46
56 56
70 50
37 69
58 62
67 35
34 41
38 55
59 55
67 69
67 42
69 55
41 56
53 36
48 66
59 59
46 31
67 54
58 68
69 47
31 43
57 39
66 46
37 32
61 56
68 31
45 63
34 39
41 69
64 50
62 42
59 56
45 59
57 52
63 36
69 43
45 32
39 47
33 65
56 64
53 39
32 47
32 46
62 64
66 44
62 37
67 40
37 51
48 46
31 43
35 60
51 63
31 32
55 55
57 61
56 65
45 34
57 68
61 54
48 59
60 53
39 33
43 44
41 67
41 69
43 40
61 67
53 36
50 58
38 55
30 62
31 33
