100 1000 1466
63 67
69 31
31 45
59 38
46 70
45 32
56 43
37 38
70 60
30 54
70 51
40 35
61 54
49 40
53 42
30 37
45 64
32 57
31 55
52 33
69 46
33 34
34 37
36 32
48 60
40 68
57 70
46 37
38 42
67 60
66 45
55 36
53 66
54 30
54 36
48 32
41 48
60 34
37 39
36 50
61 63
46 32
41 65
53 70
31 44
66 67
54 44
52 54
40 39
45 50
50 40
59 34
53 34
67 37
48 45
37 36
63 56
32 40
55 32
55 46
40 62
41 57
69 66
50 46
63 70
66 65
47 30
60 37
64 34
47 58
35 54
39 35
70 40
42 50
64 31
67 50
52 66
34 67
46 48
31 49
57 34
51 50
60 36
51 57
39 50
69 50
45 51
30 61
69 68
38 48
45 50
57 32
34 32
70 63
55 56
53 66
48 54
51 67
36 48
59 35
