100 1000 1460
60 35
44 43
67 65
33 66
64 47
68 66
41 39
36 37
52 50
57 55
65 66
68 50
39 56
60 68
52 68
47 64
38 45
60 34
60 69
53 42
53 34
55 59
40 68
60 43
54 61
48 42
47 57
31 39
46 42
66 43
45 42
44 36
70 47
63 43
43 30
56 49
35 34
52 47
40 36
54 50
70 46
63 31
38 43
49 30
51 68
53 68
52 37
31 69
49 60
37 32
57 40
48 46
43 64
35 47
45 40
64 67
56 66
30 40
65 45
58 60
34 45
50 58
59 43
49 45
50 47
69 65
31 64
39 50
31 52
55 30
33 42
60 35
39 34
46 35
58 34
30 65
56 54
64 53
61 38
52 60
30 53
69 43
44 47
47 46
53 59
50 39
61 48
49 47
64 48
63 51
53 63
57 70
41 43
65 70
42 34
61 52
50 64
35 67
50 48
52 47
