100 1000 1469
67 30
33 68
70 32
55 55
31 63
30 44
59 54
35 34
56 63
65 47
40 37
45 34
47 64
48 36
53 49
50 64
38 50
58 42
57 60
70 52
32 44
55 44
48 61
53 64
32 47
38 51
42 61
50 30
59 37
67 66
34 61
68 31
38 35
38 57
52 53
65 37
54 34
60 30
58 69
47 54
47 55
33 39
64 62
58 33
51 31
36 35
46 69
69 58
36 61
46 50
64 59
45 46
42 32
56 35
37 54
60 41
51 49
49 58
52 51
62 55
65 68
41 45
37 44
65 59
60 32
45 70
47 56
36 64
53 57
67 40
53 51
70 63
61 42
69 39
45 40
47 39
55 31
67 57
65 58
67 53
60 45
38 45
30 38
38 39
60 31
43 42
63 32
44 53
36 45
64 34
63 41
68 44
46 36
31 62
45 41
59 36
56 43
39 67
45 53
48 39
