100 1000 1419
36 51
60 57
59 52
58 50
61 59
42 63
51 39
62 70
38 69
44 68
34 33
52 41
47 65
54 44
58 38
63 68
46 52
65 48
62 35
56 68
64 46
33 51
56 68
64 58
39 34
56 66
45 64
42 33
56 57
35 55
52 36
36 36
62 67
59 59
38 46
37 39
32 52
61 44
31 54
43 45
61 55
55 57
33 69
51 34
68 30
69 46
39 39
50 40
70 37
33 36
70 34
41 66
37 37
54 37
51 49
60 64
69 64
55 43
69 56
58 62
59 69
57 48
31 36
34 40
59 60
47 35
58 32
42 39
50 30
70 47
36 51
32 43
41 47
65 60
60 30
50 40
59 44
70 67
56 52
37 35
38 38
45 55
43 49
33 45
34 33
62 48
68 39
55 42
54 65
43 50
59 67
58 67
37 32
43 33
38 57
46 39
33 39
49 67
52 33
35 46
