100 1000 1466
66 64
68 61
69 59
36 45
70 42
42 40
61 44
30 58
55 62
65 59
44 65
58 45
36 49
61 60
54 70
58 52
34 40
55 45
50 60
36 54
37 37
64 58
43 58
54 57
37 36
34 37
39 63
50 62
44 62
58 67
33 55
43 39
45 67
65 34
55 48
54 41
52 53
34 58
67 49
52 31
53 33
49 44
33 47
52 33
44 47
44 57
54 62
32 41
54 58
49 54
68 32
30 44
56 54
40 49
31 44
52 30
52 43
49 49
49 59
50 52
35 39
54 54
54 55
58 42
63 50
31 61
43 57
52 64
46 33
61 49
43 32
51 47
63 34
56 36
61 55
49 66
33 68
42 35
49 45
40 61
36 41
62 38
62 64
58 36
59 59
66 55
67 57
68 45
59 34
65 63
51 56
39 59
70 61
63 58
36 55
53 44
60 64
42 31
49 44
61 49
