100 1000 1491
45 64
54 48
70 42
37 43
31 61
56 67
57 56
47 44
54 70
55 59
57 52
40 55
35 58
34 40
61 30
35 69
70 46
34 68
60 47
31 43
47 30
46 53
39 60
36 38
70 54
57 56
59 32
62 39
48 32
67 37
49 47
33 39
51 44
68 68
34 55
41 53
53 65
63 48
50 39
44 31
39 44
64 35
49 68
41 52
60 36
45 30
62 46
34 54
61 67
51 63
62 39
56 58
32 37
57 32
58 32
48 35
52 40
69 32
36 44
65 53
57 69
60 50
52 48
61 34
41 58
33 68
52 64
66 30
64 68
49 49
48 54
52 53
63 39
45 32
70 36
65 63
64 58
55 35
70 59
43 34
57 64
49 33
39 54
47 70
37 53
56 30
64 59
67 51
59 40
48 48
56 67
65 70
56 65
43 64
31 36
33 44
34 69
69 34
54 55
65 47
