100 1000 1538
67 61
48 65
45 34
56 60
63 48
46 41
45 63
52 63
65 61
59 56
68 51
57 50
52 37
32 33
49 32
41 68
60 53
41 35
63 61
64 43
32 57
62 39
64 50
48 64
36 65
39 46
54 44
30 62
35 69
49 55
58 31
52 62
38 31
36 55
34 68
70 70
30 35
56 49
61 65
60 48
40 52
30 64
51 61
66 35
46 54
59 57
66 50
44 44
56 41
69 67
32 40
39 38
65 49
61 53
51 36
55 62
40 33
31 30
64 70
50 35
61 66
53 57
56 66
52 45
61 45
51 58
41 53
34 37
51 64
60 46
57 42
37 61
67 50
59 44
51 52
64 35
66 45
59 51
51 66
44 69
41 31
33 49
49 31
40 51
48 68
69 31
55 34
59 55
48 54
64 41
46 63
37 41
38 65
64 70
34 57
70 45
59 70
70 47
49 59
36 66
