100 1000 1591
60 43
33 52
44 62
55 35
54 65
51 31
42 69
37 64
42 31
60 39
60 69
41 67
61 40
43 69
67 32
32 63
32 38
37 58
70 52
61 69
30 34
33 48
30 62
39 37
49 47
45 58
58 62
55 49
33 32
51 60
48 40
55 44
40 31
45 50
33 35
37 61
62 40
51 69
30 69
37 53
65 67
57 63
41 49
32 30
36 39
55 45
32 68
51 59
60 53
45 47
58 40
32 39
53 42
33 32
50 34
58 69
49 68
41 66
59 58
32 43
50 48
46 70
42 48
69 63
67 45
63 30
30 57
39 32
53 65
38 53
56 44
48 63
34 35
38 52
54 37
49 43
51 32
54 49
38 59
70 54
51 45
65 37
54 62
68 43
55 32
68 52
32 48
32 34
39 49
34 41
69 68
56 49
58 35
44 51
45 47
58 62
49 57
54 44
58 64
34 63
