100 1000 1560
37 70
41 60
34 58
60 30
45 47
58 64
56 70
62 61
37 50
63 38
60 55
32 55
46 55
46 58
38 41
51 39
42 58
46 43
34 67
61 69
55 34
66 40
66 56
65 47
67 60
53 59
63 58
64 57
54 47
61 31
40 63
44 56
41 43
63 59
63 35
62 65
32 66
61 33
33 58
54 36
68 61
61 62
60 55
49 35
37 43
67 54
51 51
58 35
36 48
61 34
47 59
58 59
60 45
37 42
62 32
53 38
44 66
39 46
64 66
38 54
44 49
57 33
31 54
43 67
54 53
44 36
32 59
43 35
63 41
61 33
57 38
35 67
45 66
31 57
67 60
47 31
70 51
47 60
62 40
30 47
60 55
62 34
64 38
49 60
56 41
64 38
61 48
51 53
41 57
65 63
69 33
44 39
46 30
36 64
43 36
42 42
56 42
41 59
65 39
61 31
