100 1000 1385
55 37
37 50
46 64
48 50
51 64
67 36
68 48
54 31
57 40
37 36
42 34
37 42
49 69
54 64
56 51
56 48
59 67
38 34
60 34
60 32
41 53
66 66
53 53
52 67
59 59
45 30
62 49
31 55
52 50
52 35
50 47
53 31
63 41
52 56
62 39
37 31
58 43
40 40
56 66
56 43
49 32
42 60
38 68
53 50
60 48
35 49
70 53
52 40
33 47
62 62
63 55
67 48
46 43
70 57
58 39
66 31
57 36
70 35
58 61
62 37
62 61
53 48
41 31
33 35
34 36
31 39
70 45
54 41
45 49
48 43
64 66
42 59
40 38
46 46
42 33
69 41
34 46
56 32
65 45
63 67
67 46
70 58
54 43
32 62
48 52
59 36
46 41
63 41
50 62
53 31
33 68
32 61
50 34
59 30
38 54
58 62
56 32
65 59
40 37
54 60
