100 1000 1562
67 35
50 69
35 62
45 59
56 49
31 69
66 51
39 60
33 63
46 44
40 43
70 40
63 38
41 69
61 33
57 69
50 47
41 35
68 47
36 32
69 55
70 61
42 40
67 69
60 37
48 37
33 46
70 50
41 34
60 41
59 63
38 57
34 44
35 34
55 58
47 31
40 31
59 50
59 44
42 61
44 67
31 43
50 69
47 41
66 37
44 63
49 51
65 54
38 58
55 69
47 30
46 67
51 58
56 53
34 44
40 42
40 48
68 58
61 43
57 61
44 58
32 41
49 40
55 50
63 62
58 38
63 63
45 53
65 62
66 56
55 46
47 59
37 57
33 66
41 35
52 51
66 44
49 34
42 30
52 55
50 64
61 34
57 57
35 58
58 56
45 36
30 61
48 38
67 40
36 48
54 31
30 57
38 38
41 42
31 67
49 47
63 33
40 48
31 41
54 36
