100 1000 1494
35 69
56 43
46 55
52 48
69 56
50 61
42 57
70 68
52 45
50 54
63 48
33 52
50 30
60 63
46 52
63 44
69 68
60 65
42 35
42 39
45 42
41 35
56 55
49 30
36 60
64 67
31 31
38 42
42 65
35 39
35 59
54 43
41 39
54 37
70 57
52 62
65 30
31 64
42 53
38 59
38 48
36 49
50 52
47 69
50 50
59 32
45 34
58 44
42 34
34 55
66 68
43 50
61 40
31 53
67 66
31 42
41 42
66 67
31 38
65 34
68 44
65 66
68 44
49 31
46 61
68 56
31 63
52 51
32 48
33 60
46 43
53 54
65 37
62 69
62 32
60 67
42 49
44 44
62 51
66 38
61 66
70 53
50 42
48 58
54 39
52 66
32 35
60 66
63 53
50 42
48 47
66 62
66 43
64 66
53 70
32 68
69 65
66 50
57 65
61 70
