100 1000 1650
52 50
68 51
69 47
42 43
58 57
39 67
34 55
34 69
52 43
62 44
61 54
65 59
31 50
46 37
38 67
44 30
45 34
56 44
63 58
49 37
31 58
49 61
63 48
49 51
58 54
53 41
69 43
45 33
63 43
61 43
31 53
61 56
50 38
40 66
53 45
41 37
67 59
44 66
39 61
33 47
33 49
37 63
40 44
63 33
45 56
50 64
39 70
41 65
62 60
31 35
39 34
32 31
47 69
58 35
51 52
65 32
39 68
43 70
64 38
51 34
66 63
35 61
47 35
41 35
40 53
33 66
59 65
64 69
67 54
34 42
68 55
46 47
56 40
70 44
41 61
64 54
57 35
36 49
34 57
33 50
65 68
35 69
56 46
59 70
44 49
70 44
70 50
51 52
49 53
62 61
48 33
38 36
39 62
61 67
68 46
45 44
62 42
39 62
40 42
49 57
