100 1000 1429
59 55
40 37
41 39
52 50
64 61
58 43
32 57
40 53
55 47
54 46
42 31
30 39
33 50
60 63
39 48
68 66
32 49
58 43
67 58
35 37
69 40
55 60
53 58
33 37
53 32
67 55
59 36
64 66
60 34
38 63
50 48
70 70
31 56
30 54
44 67
69 38
31 38
41 55
41 58
53 69
65 59
41 48
43 46
39 43
63 59
41 31
41 39
70 66
65 33
40 43
51 46
35 50
63 37
57 43
30 31
64 39
42 56
61 48
44 47
69 64
50 32
34 37
69 58
59 41
49 61
63 46
57 67
35 49
60 31
51 60
33 35
42 30
62 42
66 46
67 66
53 55
56 43
41 64
30 42
51 63
66 52
51 37
52 43
70 44
44 53
35 53
32 46
43 41
70 68
54 66
46 69
45 62
47 44
61 47
55 62
49 46
51 55
37 53
65 53
66 51
