100 1000 1548
65 64
32 57
60 51
30 42
69 65
45 43
45 32
47 48
57 64
41 67
50 62
53 66
48 50
54 36
64 31
30 53
59 32
59 63
36 56
32 63
46 49
36 51
51 54
57 41
56 52
34 62
65 54
43 56
42 59
51 63
51 49
54 64
55 53
31 55
63 33
47 62
34 54
54 56
33 57
31 44
60 39
69 61
54 32
60 44
51 68
43 68
61 30
36 66
61 55
56 46
42 34
35 47
61 58
44 57
44 65
35 51
69 39
47 30
62 61
34 58
31 38
58 32
51 56
56 58
51 54
63 43
50 41
62 56
54 61
53 47
59 43
38 64
41 52
57 58
68 64
53 44
54 66
64 65
70 46
56 38
52 49
31 57
65 55
50 49
56 62
64 39
54 48
54 60
30 31
70 62
48 40
57 64
33 57
47 52
60 33
35 33
48 46
44 40
68 55
67 34
