100 1000 1597
59 61
67 64
33 30
35 41
41 41
36 70
67 44
55 39
67 53
34 48
34 65
31 66
49 50
38 54
31 43
62 57
36 35
65 48
43 40
64 65
53 43
64 65
32 45
60 70
70 65
59 30
41 37
68 49
40 60
55 67
62 61
33 60
30 51
70 66
65 70
68 36
41 46
41 32
67 67
43 58
55 33
60 39
61 35
69 48
53 62
68 68
58 43
62 63
67 34
37 50
30 58
46 58
60 67
48 59
60 40
45 40
67 66
30 61
43 47
62 40
55 34
56 39
52 61
55 55
57 52
43 67
31 66
40 46
34 60
39 46
32 39
32 30
33 67
35 62
62 67
42 41
53 70
67 36
59 45
30 57
65 67
31 40
66 62
34 57
34 41
35 33
54 66
61 36
52 45
40 62
45 62
64 58
66 52
45 47
42 31
68 48
56 39
65 58
49 61
69 55
