100 1000 1547
33 37
62 67
38 63
49 37
54 30
65 50
70 38
60 51
33 54
32 32
30 34
49 35
49 47
66 43
45 47
64 67
70 61
47 35
46 64
34 59
32 35
66 66
66 67
56 66
60 56
36 52
30 39
55 61
48 61
40 57
65 67
55 48
53 43
66 60
66 44
32 50
41 52
51 59
39 56
66 42
43 41
41 57
45 43
42 69
37 44
32 45
68 46
63 43
41 35
46 60
60 66
41 62
66 41
43 39
51 63
39 55
45 56
66 37
37 63
48 43
41 41
46 57
43 64
42 47
59 30
46 31
53 54
65 53
48 66
36 67
58 58
61 67
60 34
40 40
46 48
38 70
62 32
36 42
37 43
39 56
56 44
61 51
46 54
30 70
62 41
45 48
45 53
31 33
55 70
59 30
57 50
42 43
37 58
69 39
69 68
47 36
42 69
69 60
36 66
43 50
