100 1000 1628
38 55
42 37
60 51
34 41
61 33
31 50
67 44
61 47
33 51
53 57
61 62
52 35
49 35
60 52
49 35
36 58
53 48
68 53
67 48
32 69
66 54
55 32
34 61
70 51
30 65
38 31
67 45
49 69
66 64
62 55
52 68
46 46
68 42
53 36
62 65
55 58
64 57
58 69
37 34
64 65
46 61
35 70
59 54
69 67
31 60
35 50
67 60
53 65
47 59
58 47
37 35
45 62
55 45
57 40
41 32
46 44
32 46
32 44
39 38
34 50
40 59
38 67
37 50
40 38
66 48
32 35
67 32
65 33
40 57
47 42
35 52
36 38
42 49
30 54
69 48
41 65
55 31
34 56
63 39
49 33
70 47
56 46
49 34
40 61
62 34
44 66
52 52
34 65
30 70
50 40
69 64
30 40
64 59
59 70
49 41
59 59
60 65
50 53
43 68
61 31
