100 1000 1669
43 51
49 41
32 70
36 48
41 30
49 62
61 35
31 70
42 68
34 46
52 62
34 68
45 44
33 61
54 52
64 47
41 58
34 40
33 43
67 63
54 61
43 41
48 64
55 34
60 31
64 57
41 50
58 36
37 52
60 41
34 55
38 34
65 49
54 50
35 70
47 42
68 56
42 47
43 55
36 32
52 57
30 58
55 31
38 32
52 54
67 70
61 33
69 32
39 62
45 44
31 67
46 58
45 33
41 35
31 48
34 67
55 40
59 39
56 38
33 34
35 37
34 57
41 36
57 61
64 55
49 54
36 35
50 63
42 65
32 33
53 36
62 59
38 66
63 51
42 31
63 60
32 49
49 57
45 34
35 70
36 34
31 59
35 53
35 34
47 50
68 40
59 66
65 36
70 46
35 55
34 55
58 70
43 30
54 38
57 63
45 32
35 36
63 67
42 58
56 67
