100 1000 1476
32 37
31 30
40 50
33 60
38 58
30 50
43 34
61 46
65 66
32 64
67 67
50 56
65 44
59 38
62 65
46 37
54 40
64 66
40 33
38 45
66 67
36 38
39 55
54 31
43 57
61 61
36 56
36 53
56 56
54 49
57 44
35 62
70 58
42 52
34 32
48 45
67 51
43 67
39 51
68 38
41 39
69 36
63 42
41 51
36 32
49 55
66 56
70 44
43 66
50 42
68 48
60 40
38 70
46 55
32 45
67 60
61 60
34 31
70 68
52 54
35 53
68 66
42 38
51 31
39 61
47 66
61 47
49 41
34 47
65 51
60 35
46 35
55 62
62 50
62 62
63 54
55 46
52 47
61 35
62 34
69 36
30 50
37 40
53 65
46 67
59 38
62 31
52 48
46 34
57 57
68 47
42 36
34 40
54 65
47 49
44 63
45 42
57 68
39 46
63 43
