100 1000 1514
53 47
31 68
43 36
56 35
46 50
47 38
48 54
31 48
69 37
54 54
42 69
30 46
36 57
52 31
43 48
34 38
51 39
36 62
34 67
45 37
45 39
62 65
56 49
64 63
58 57
57 34
57 43
31 37
45 63
70 38
43 53
46 45
63 62
50 44
34 58
60 35
48 33
44 64
39 53
49 37
30 49
61 43
31 32
50 53
67 58
36 40
67 39
38 62
57 46
64 35
37 33
70 70
65 56
58 52
44 42
39 38
47 40
44 31
44 63
62 40
31 49
37 61
54 68
60 42
45 63
63 31
59 31
57 33
31 59
49 30
59 46
30 36
61 44
33 43
61 52
46 59
56 33
65 63
57 64
47 37
69 43
59 58
62 31
61 32
52 52
36 52
67 41
68 36
69 40
67 43
50 46
45 66
51 41
52 54
48 59
48 69
69 53
49 34
61 54
60 51
