100 1000 1540
61 42
58 39
41 54
47 38
47 56
70 58
30 36
35 33
69 56
70 66
34 37
59 70
58 67
55 67
66 44
37 47
68 68
67 34
45 42
39 69
35 65
69 42
47 31
55 70
47 58
37 68
39 36
34 30
65 47
37 51
54 61
58 65
56 43
46 40
35 51
35 45
52 54
66 39
44 61
40 46
61 48
36 44
70 32
54 66
42 51
66 55
55 34
31 49
38 62
63 38
70 32
46 34
31 57
52 43
32 53
46 44
51 39
35 39
60 57
30 57
50 62
34 61
50 53
50 35
53 36
70 49
32 49
36 44
69 35
63 39
44 36
33 46
37 67
47 50
53 53
36 33
43 68
46 32
52 69
43 39
42 42
67 37
67 44
66 40
54 36
47 34
35 55
55 60
31 47
31 57
43 62
36 36
53 32
52 35
34 50
69 59
37 50
51 41
55 37
43 52
