100 1000 1424
58 35
63 66
44 58
64 37
63 30
42 48
64 50
67 70
53 51
33 33
47 63
48 44
62 33
56 67
43 48
42 44
58 35
51 64
67 68
31 33
68 31
57 46
64 49
50 48
36 63
48 30
47 52
57 57
50 63
40 49
50 46
47 32
64 49
47 48
48 33
52 31
70 33
61 45
70 45
42 69
54 68
38 38
59 51
40 37
62 34
70 38
64 54
36 70
63 38
69 55
48 53
60 43
37 54
39 65
41 43
42 31
64 39
44 46
44 39
38 70
33 41
39 68
53 56
36 45
46 68
56 65
50 65
42 40
57 39
55 52
60 37
44 57
61 46
60 66
34 45
44 41
45 32
52 56
45 31
58 52
58 64
43 35
61 57
64 39
44 50
58 62
63 65
59 60
47 50
64 55
50 67
44 54
41 45
43 63
36 39
36 62
46 52
61 30
68 41
58 56
