100 1000 1557
60 49
34 45
50 34
39 44
66 36
61 42
69 48
32 31
62 55
38 45
50 59
70 34
34 37
41 47
54 38
66 50
36 51
55 37
61 53
58 48
47 37
58 45
39 60
68 46
31 56
53 47
52 48
54 61
66 54
46 50
55 32
62 46
52 63
53 31
66 46
70 68
59 46
43 53
44 49
47 49
46 67
69 47
49 62
49 50
61 48
47 67
40 51
50 64
57 70
52 41
36 52
31 66
37 41
58 39
63 32
38 39
69 33
35 65
36 63
42 61
70 67
57 64
66 40
38 36
52 70
57 35
45 60
64 53
66 63
33 30
45 51
58 52
46 64
39 47
33 53
49 40
58 30
33 63
64 47
47 39
68 30
46 70
36 33
40 69
62 38
35 67
30 58
31 61
56 40
33 56
51 56
63 30
48 53
44 69
59 47
49 40
49 39
65 69
58 58
43 34
