100 1000 1570
55 43
45 54
56 34
31 33
60 69
55 50
51 46
61 30
59 37
30 61
66 59
45 34
54 46
38 54
40 64
55 63
60 50
55 70
62 46
53 50
61 36
43 31
58 32
66 39
47 69
68 37
32 35
55 45
54 37
32 34
44 53
40 53
54 59
39 67
57 63
36 45
36 59
35 66
59 63
58 69
67 31
30 38
65 67
67 68
49 56
56 53
55 57
41 64
62 41
55 52
32 30
45 30
45 47
31 36
44 31
30 48
38 30
57 38
43 58
30 68
53 45
47 61
47 39
64 39
56 37
67 38
39 54
50 43
51 64
33 55
60 65
55 65
64 45
51 58
58 37
58 51
35 44
65 44
59 57
34 63
30 56
39 36
30 46
35 30
47 66
33 51
38 39
68 57
63 36
63 31
36 69
67 48
46 63
51 45
32 51
62 40
46 38
34 60
63 31
37 53
