100 1000 1494
70 36
30 70
44 62
62 32
31 48
32 46
40 35
39 41
47 49
59 33
36 57
49 39
33 45
65 32
32 30
68 52
47 30
34 64
50 53
52 48
56 33
35 31
46 43
67 67
68 52
35 41
68 32
53 49
61 50
63 59
66 37
44 43
64 56
60 33
42 63
65 35
62 68
49 40
31 47
33 37
68 61
51 37
34 55
53 39
38 30
47 43
30 41
53 67
47 35
40 49
45 68
70 32
37 53
45 52
33 42
67 51
66 38
70 59
31 37
56 43
59 56
68 34
57 70
38 58
69 61
65 30
64 49
54 51
64 51
50 32
54 35
67 56
51 68
48 63
57 61
65 62
47 69
69 35
33 55
53 53
50 57
37 60
50 45
38 31
38 49
70 49
68 59
53 55
34 31
62 67
37 51
65 53
35 39
31 59
46 30
34 61
54 66
48 38
32 32
51 34
