100 1000 1601
44 35
69 45
52 40
39 55
43 54
38 37
36 52
52 38
55 67
44 51
66 69
66 45
41 59
33 48
60 43
33 66
53 61
44 52
33 67
39 45
49 44
53 62
30 62
57 52
58 57
30 42
44 34
47 43
49 50
59 48
43 67
55 36
41 35
67 49
67 38
65 56
57 67
36 70
33 62
49 66
33 67
43 30
65 70
60 66
63 64
40 61
30 67
55 48
59 56
41 44
39 37
48 39
41 33
33 30
49 56
63 35
32 52
47 51
63 34
35 34
45 57
66 43
68 45
66 42
30 38
40 63
70 68
41 40
47 38
63 35
51 51
54 64
61 46
33 50
60 31
58 49
59 50
59 47
58 65
39 41
57 59
57 48
38 30
32 34
45 64
59 50
37 32
38 62
36 67
32 35
51 46
50 64
66 34
60 37
52 40
48 59
47 68
63 37
49 55
31 69
