100 1000 1386
50 30
68 57
41 34
49 53
56 66
66 62
64 64
68 61
66 45
35 30
62 37
41 56
34 48
54 50
38 39
47 63
43 68
60 57
45 38
41 37
34 35
45 49
34 48
63 57
64 63
33 32
49 31
57 43
44 69
53 51
69 30
62 53
38 46
42 48
66 32
33 33
33 38
44 55
39 52
41 57
53 49
70 59
49 56
63 52
43 54
57 56
41 67
63 60
54 62
45 65
62 51
51 65
46 45
47 63
47 30
60 68
60 32
36 36
61 48
38 30
62 69
30 42
38 30
68 67
59 37
50 46
55 60
37 46
56 36
59 62
53 68
55 59
60 49
69 39
53 48
61 49
53 43
38 46
54 49
51 31
38 49
49 47
59 44
40 61
36 69
68 63
66 67
69 36
51 43
39 49
56 61
57 47
52 36
57 51
35 38
66 50
58 43
43 68
55 59
55 41
