100 1000 1510
60 35
64 60
49 41
45 31
57 59
41 42
44 64
56 59
58 37
40 36
52 43
40 32
62 47
44 38
39 42
46 57
31 48
39 61
59 44
41 52
44 56
67 31
52 37
42 69
50 67
45 50
39 48
61 44
49 31
43 36
52 40
68 40
67 38
42 47
49 43
65 66
51 61
56 69
44 58
45 35
45 55
46 43
57 59
40 45
36 59
58 66
69 46
69 57
44 55
48 63
69 64
50 69
44 46
33 60
56 30
44 67
69 39
62 58
51 51
68 48
38 62
40 49
34 55
44 33
67 70
61 45
47 66
54 66
69 36
62 56
66 55
38 32
59 56
39 57
37 53
41 62
36 56
50 32
56 52
34 37
69 56
43 39
41 63
38 67
64 47
31 64
40 55
63 44
57 48
46 51
61 68
35 55
51 49
68 36
58 55
59 53
30 34
55 59
44 65
59 49
