100 1000 1600
47 41
49 56
51 61
40 59
70 36
60 35
68 36
58 60
66 59
48 57
33 36
44 48
47 68
33 36
65 46
46 55
51 63
37 61
33 31
57 62
45 60
51 51
61 54
70 70
54 70
37 43
42 62
63 46
31 46
65 35
37 61
65 60
31 31
34 33
59 40
66 67
33 64
40 47
39 40
53 33
67 51
42 65
43 51
44 69
63 52
47 47
57 43
57 48
51 54
65 61
46 43
59 39
53 55
36 62
64 54
30 62
43 49
48 38
30 56
54 58
48 52
31 69
38 44
65 65
44 69
42 59
65 37
52 55
66 41
48 70
30 41
70 36
37 33
53 64
52 48
48 55
30 51
48 38
39 62
60 42
56 61
49 42
45 39
35 32
63 35
39 38
33 41
49 40
37 49
48 50
36 34
45 67
48 66
33 67
54 45
47 51
32 54
40 43
34 70
68 52
