100 1000 1568
44 62
36 61
57 36
38 56
32 41
32 48
66 45
69 44
30 46
49 66
32 64
51 52
57 70
65 32
35 65
40 31
68 54
55 63
62 35
38 33
32 46
63 51
69 50
39 37
61 35
58 66
68 51
58 57
47 60
49 65
31 54
53 62
45 57
42 35
58 65
34 44
44 51
56 34
63 31
46 52
68 69
65 70
52 44
36 66
41 47
63 30
68 36
41 45
39 64
32 64
64 61
47 57
59 59
44 49
41 60
70 50
53 32
34 51
64 31
52 34
41 40
56 64
63 62
69 51
56 31
54 63
50 63
41 53
66 65
41 64
57 43
30 49
55 43
67 40
61 41
46 67
36 54
59 52
31 31
35 42
34 61
66 59
59 56
54 64
53 60
50 44
48 43
32 49
65 39
50 42
30 45
47 58
33 67
30 37
46 66
69 49
62 55
63 53
67 53
49 67
