100 1000 1486
53 46
46 54
45 61
44 65
30 54
66 54
50 66
33 44
49 47
39 48
57 58
56 42
62 30
50 54
68 70
33 45
34 48
62 54
51 55
62 57
42 69
33 41
68 48
45 35
56 46
45 31
49 65
62 59
56 41
41 64
50 32
40 35
51 51
56 68
50 48
53 44
34 67
62 62
67 61
33 43
65 58
69 44
49 45
50 39
40 59
51 32
63 65
42 61
60 66
39 61
49 34
40 66
38 33
53 33
47 48
61 51
63 59
65 43
49 65
32 41
61 42
52 64
60 68
41 47
49 38
61 57
41 62
61 32
58 59
44 38
34 35
59 39
30 31
52 62
54 51
42 43
62 66
54 32
68 61
46 68
35 42
67 62
68 69
36 55
58 42
53 30
50 45
41 67
55 43
65 52
63 46
32 40
35 66
40 52
57 34
48 60
35 40
52 38
57 63
40 63
