100 1000 1524
53 57
64 33
39 34
62 34
52 66
64 49
35 65
50 45
38 59
46 43
39 48
58 33
56 63
31 37
33 64
69 33
42 37
56 44
34 33
48 43
48 64
42 60
69 35
30 39
56 39
55 31
40 38
46 60
40 39
38 46
55 55
57 67
70 64
42 44
44 44
36 65
60 66
55 59
68 49
49 45
36 38
54 65
34 60
64 31
59 38
51 55
32 42
40 67
49 38
53 64
64 62
52 59
61 44
67 42
61 59
43 30
69 39
58 42
69 38
58 30
66 48
48 63
31 30
66 65
70 46
62 56
45 70
57 56
60 51
64 63
33 68
36 61
32 63
63 38
67 70
30 47
35 40
48 33
54 63
48 45
59 46
38 36
38 47
52 33
69 41
53 61
54 31
51 38
50 55
48 44
42 57
30 41
34 67
70 49
59 37
55 44
60 34
30 49
38 59
42 55
