100 1000 1552
56 69
34 64
56 36
49 30
44 57
49 59
49 56
33 56
70 41
46 40
66 52
62 65
34 31
65 32
58 37
61 31
50 56
39 60
37 33
43 61
68 58
34 30
62 67
64 50
69 32
44 39
68 30
56 35
69 59
70 39
33 68
40 33
50 42
62 37
43 62
44 68
38 61
47 64
65 38
38 37
53 70
34 34
69 41
41 63
55 47
42 43
33 65
67 54
52 45
47 39
53 35
55 69
58 59
56 37
34 54
50 54
49 67
39 65
67 63
61 30
52 37
51 70
47 61
51 67
43 34
68 68
63 36
47 65
56 53
41 50
41 65
35 38
69 31
61 67
39 54
54 67
50 58
67 33
38 45
66 44
35 52
45 49
56 62
38 36
59 66
62 45
60 38
34 34
63 60
46 66
45 54
62 36
40 66
47 68
38 69
51 44
36 56
40 35
63 50
33 50
