100 1000 1427
30 62
37 30
31 56
52 44
67 41
51 62
64 36
42 36
35 40
62 68
61 43
44 55
39 40
37 59
52 52
41 34
45 46
56 38
58 55
60 37
63 38
35 35
68 46
61 35
46 40
67 65
58 44
32 34
59 40
67 35
46 62
64 41
54 46
33 42
50 60
45 33
63 42
48 70
42 32
49 51
47 56
40 62
62 33
50 62
38 35
44 70
63 42
50 32
41 30
41 54
48 38
50 44
51 30
44 60
68 40
58 34
50 69
45 61
67 47
63 34
33 64
50 39
64 45
44 52
67 53
35 34
44 53
57 37
46 54
67 42
36 43
67 37
47 60
59 41
33 41
41 37
32 59
64 32
40 43
59 39
54 33
37 60
66 32
53 42
61 66
65 47
49 54
42 32
40 45
44 40
67 60
38 34
53 60
61 51
57 70
41 64
52 52
39 30
66 61
66 63
