100 1000 1510
65 56
55 57
40 42
60 62
57 59
54 44
53 40
52 53
59 41
48 43
65 47
56 62
58 50
44 41
70 63
32 61
36 63
63 49
62 70
66 62
57 69
48 62
59 62
37 39
64 56
48 35
66 37
40 51
70 30
62 70
46 49
64 57
39 57
69 59
61 60
56 58
67 49
47 41
56 53
38 58
66 58
50 57
63 59
30 45
48 32
48 45
49 70
60 54
45 48
48 57
70 64
35 31
37 30
70 67
43 59
55 32
62 65
58 61
37 61
32 33
44 66
58 65
31 58
39 69
43 47
39 52
35 31
49 30
40 61
62 68
36 48
38 68
37 32
47 47
33 47
45 70
67 58
46 36
45 59
57 46
62 49
51 41
32 55
50 45
31 46
49 57
38 41
63 67
37 57
45 54
55 60
57 46
55 70
42 37
70 54
31 54
60 65
32 43
53 47
52 34
