100 1000 1569
39 53
40 54
42 62
50 62
60 68
64 35
63 43
49 39
55 61
57 30
42 54
35 56
70 42
46 69
65 38
35 35
55 36
54 35
37 38
51 61
68 66
51 37
62 38
33 52
60 62
43 36
65 36
70 31
58 62
62 33
34 42
48 52
38 68
65 63
35 53
41 70
44 55
53 39
47 40
59 53
34 48
39 40
43 61
39 43
53 46
50 60
49 58
30 57
33 58
35 54
58 39
66 39
59 45
64 67
50 31
55 63
36 44
58 67
47 65
40 30
34 59
30 69
39 55
39 62
61 44
39 45
61 40
46 64
49 49
30 34
51 67
49 34
36 68
65 68
53 40
63 45
58 39
46 51
39 35
63 56
62 52
64 59
67 36
65 58
58 51
53 66
31 43
37 65
57 33
56 43
47 49
47 32
34 61
39 49
56 41
42 33
42 68
59 32
67 48
35 49
