100 1000 1576
33 50
69 69
70 59
53 57
42 68
51 42
55 35
67 30
40 60
34 46
51 56
54 58
37 40
60 45
69 44
49 47
44 45
34 67
37 42
64 39
60 70
37 52
47 32
63 53
35 48
48 65
43 46
59 59
55 55
67 62
39 40
59 62
38 65
60 33
61 48
62 59
60 40
59 47
68 34
32 69
40 48
60 32
45 67
69 58
49 60
68 47
42 68
57 40
55 54
65 43
51 53
65 50
42 49
43 53
52 51
46 49
38 39
41 69
57 69
58 33
52 37
43 68
44 47
69 33
64 69
53 52
47 63
56 42
34 54
35 48
34 66
70 57
48 38
50 53
48 54
37 52
38 53
38 68
56 40
45 42
33 57
34 68
68 35
63 59
48 47
65 43
68 38
58 65
66 53
44 49
55 53
64 61
37 63
35 30
66 40
35 47
36 56
42 59
38 46
69 31
