100 1000 1506
36 50
57 56
36 33
68 36
56 56
38 52
65 36
55 49
50 36
39 65
38 58
66 41
37 68
30 42
61 60
42 68
68 57
60 35
61 53
37 66
43 51
59 56
37 47
43 43
70 68
54 49
40 40
66 58
35 37
44 55
70 38
57 33
45 60
50 66
59 53
68 36
63 44
56 62
58 55
41 37
46 43
47 61
40 57
65 64
51 32
44 45
41 40
46 70
56 50
33 31
48 46
67 60
39 37
38 68
48 61
38 46
66 45
42 51
69 63
41 53
50 49
40 65
31 49
50 30
65 42
51 34
58 32
46 49
53 69
54 39
39 38
55 33
69 46
68 31
68 43
65 51
68 70
50 39
52 49
64 52
53 59
48 64
56 38
52 70
50 66
69 40
51 68
35 65
54 63
62 45
47 67
56 48
39 41
61 55
41 63
51 53
35 70
57 41
61 38
61 32
