100 1000 1493
67 64
52 57
63 30
54 45
35 36
70 47
61 46
66 43
62 60
39 39
39 58
55 64
41 51
34 42
57 30
48 34
31 38
58 54
33 31
62 30
43 48
44 33
35 47
59 59
48 59
55 32
64 34
59 30
62 51
45 50
49 63
40 31
59 36
58 31
40 53
52 50
52 32
68 40
69 62
33 57
35 43
47 39
46 33
51 39
65 39
40 49
38 67
37 43
53 54
40 39
35 46
68 39
55 66
44 58
68 48
44 36
47 62
57 35
30 41
48 65
42 46
59 55
47 67
33 63
31 68
50 51
31 51
46 52
57 59
30 68
30 54
43 46
44 56
40 31
65 41
34 36
51 32
54 44
62 37
38 42
46 68
65 45
36 48
42 33
33 69
63 51
65 57
44 33
34 58
64 46
56 50
65 58
58 52
54 67
66 56
38 45
58 41
55 37
38 45
68 45
