100 1000 1578
54 45
34 64
67 55
55 42
49 40
38 60
70 53
35 55
48 69
64 30
43 66
41 58
62 51
56 61
36 68
66 47
48 38
59 44
60 48
57 53
56 52
39 48
49 59
35 31
70 41
65 30
33 70
55 68
50 44
47 48
43 61
69 44
42 39
57 65
41 37
39 65
52 44
53 70
62 63
42 60
40 48
67 42
45 62
41 70
51 33
49 61
70 48
31 42
53 44
53 59
66 55
34 30
64 62
57 55
40 69
45 43
68 35
67 60
48 53
30 62
54 65
64 67
66 52
37 69
63 45
65 38
54 35
32 40
44 58
35 33
32 36
39 60
36 51
66 48
55 57
41 35
46 46
41 56
40 42
53 38
39 41
68 68
48 36
52 45
59 30
41 46
69 68
49 70
62 43
41 53
64 51
30 51
33 51
41 64
47 32
42 64
65 53
60 32
47 32
52 69
