100 1000 1623
51 40
37 52
50 69
70 58
43 36
43 66
36 60
36 53
65 31
55 49
63 60
59 45
41 56
30 65
70 58
60 37
32 55
62 31
53 42
31 49
54 52
54 52
57 43
63 43
64 33
61 59
60 31
44 49
53 39
43 58
33 69
67 62
68 35
41 57
57 45
32 53
66 43
36 53
34 54
53 30
36 50
64 58
30 68
55 34
60 65
58 57
53 51
42 58
34 58
61 36
56 46
69 59
43 46
70 48
43 54
62 65
36 59
59 70
44 59
47 38
47 42
60 47
68 67
65 65
30 67
30 33
62 45
68 42
30 35
31 63
64 37
47 57
45 70
41 65
55 70
62 52
31 48
53 63
42 65
65 54
40 63
53 33
36 52
55 56
47 67
55 70
56 53
56 64
56 65
67 48
46 34
37 34
48 70
59 47
37 47
61 30
37 52
42 31
56 60
42 53
