100 1000 1511
48 34
57 53
50 70
31 54
60 30
51 64
56 66
56 45
38 31
63 63
33 51
62 35
45 49
48 45
43 64
50 31
59 32
40 45
33 38
31 39
70 58
67 57
41 65
52 47
31 38
36 30
47 44
68 59
64 66
70 64
31 30
64 55
43 42
33 34
36 46
31 61
43 46
70 49
35 48
54 60
41 50
60 69
41 36
47 39
32 40
47 54
63 68
40 38
48 66
58 70
60 65
58 43
58 41
44 59
66 38
32 47
47 33
34 66
59 61
60 35
38 46
49 52
42 66
51 50
69 37
37 57
65 34
55 38
54 34
64 50
62 35
31 42
38 36
32 32
60 56
39 50
55 38
36 70
57 39
70 69
31 69
41 66
56 41
45 32
42 36
36 40
42 39
37 69
70 54
64 56
32 46
41 60
50 61
55 67
61 64
43 55
51 48
60 57
46 39
49 58
