100 1000 1535
68 31
63 56
37 36
43 47
70 59
59 69
35 49
44 47
43 42
66 58
52 39
61 66
64 55
33 42
68 59
50 34
53 43
66 67
41 68
40 38
59 37
45 63
67 53
35 49
56 54
50 45
66 52
64 49
53 37
37 52
53 55
30 45
44 52
50 38
31 51
70 65
66 53
66 57
49 45
59 46
39 45
34 37
57 48
45 49
46 69
66 33
56 58
36 52
57 59
54 38
37 66
41 33
47 55
35 39
33 43
57 58
48 30
41 45
44 70
51 47
32 63
66 67
31 53
45 45
51 31
41 52
57 59
57 34
51 58
35 68
47 38
42 54
38 48
63 46
35 69
54 52
36 38
57 69
68 52
48 36
64 42
56 55
41 59
66 31
44 32
49 64
32 47
67 51
35 63
30 49
35 60
65 68
36 63
30 34
38 46
30 37
51 37
59 41
55 32
67 67
