100 1000 1459
68 40
35 49
37 51
59 49
52 40
56 31
47 40
46 64
61 55
67 64
64 33
50 47
46 55
49 63
47 41
61 68
59 38
37 49
57 36
62 46
64 47
59 44
34 42
31 50
68 68
50 63
56 30
48 38
44 50
44 67
35 48
34 46
40 38
57 34
47 52
63 51
53 54
31 46
44 54
64 51
36 61
63 45
69 49
64 36
31 44
50 57
33 61
42 54
58 66
35 45
64 41
67 68
50 49
43 64
64 58
42 56
33 54
30 42
70 63
31 46
56 41
56 43
46 63
40 33
54 56
66 41
48 40
36 63
45 46
64 47
58 45
50 35
58 44
32 36
34 47
40 50
31 40
45 58
66 57
35 57
58 45
69 44
39 66
64 34
54 60
43 52
61 68
56 52
59 70
58 39
60 31
42 52
44 56
51 68
48 36
44 46
58 44
70 43
38 54
36 45
