100 1000 1530
54 54
62 37
65 70
53 34
68 61
51 44
58 70
43 66
61 44
43 48
68 64
70 37
61 39
53 52
46 32
66 70
66 64
42 65
58 60
32 52
68 41
44 65
70 46
47 70
45 43
58 62
51 55
42 62
35 64
31 58
52 46
42 48
30 31
50 44
63 63
65 45
60 61
47 45
55 50
41 34
35 35
36 36
61 30
46 57
68 59
55 67
69 68
38 35
39 68
63 70
54 48
69 65
57 46
53 32
47 68
43 40
32 54
37 64
40 32
48 63
65 44
52 45
55 70
69 45
41 66
46 64
56 60
32 39
37 64
68 58
53 57
50 53
59 66
69 56
51 50
45 44
47 33
55 43
63 64
63 33
38 39
63 44
40 69
44 65
48 32
32 59
39 60
62 37
68 46
60 48
51 60
31 52
66 41
51 68
36 36
38 41
58 56
53 58
62 70
60 69
