100 1000 1574
57 69
45 45
54 69
59 69
45 58
67 43
30 38
56 53
30 63
56 41
47 42
43 53
38 61
66 44
69 42
38 31
59 70
54 40
43 53
56 63
59 66
31 34
33 43
31 55
30 35
61 68
33 63
32 66
35 69
60 38
62 67
66 66
37 30
69 39
45 33
58 55
51 60
54 68
49 65
59 57
45 53
36 56
39 33
36 45
59 70
34 40
55 53
66 31
54 66
51 48
53 53
49 59
41 45
59 45
65 47
46 38
33 55
58 56
37 53
37 52
52 69
30 30
48 57
66 68
53 53
38 66
51 70
49 67
41 64
34 67
55 67
60 40
70 48
53 30
44 48
57 59
33 48
44 60
31 58
61 53
34 52
49 42
36 47
44 35
63 56
49 35
64 30
47 38
55 62
38 47
58 56
30 33
31 68
60 62
34 31
70 51
64 42
40 49
31 50
34 41
