100 1000 1661
31 58
32 57
51 43
52 62
59 52
46 51
44 51
61 62
41 51
42 64
54 60
37 39
48 35
67 41
47 66
68 64
32 44
47 67
48 61
34 55
42 51
40 64
64 38
54 54
69 62
31 33
57 50
34 56
31 57
65 39
48 42
53 54
38 70
43 48
41 41
31 56
67 48
53 66
41 57
64 44
36 56
55 68
41 50
48 46
54 49
57 49
61 57
42 68
60 54
66 38
68 53
63 47
51 44
48 39
62 42
62 30
48 63
31 69
40 65
31 57
48 32
34 69
60 36
66 53
59 70
70 56
42 31
40 62
58 68
47 52
63 57
33 62
54 49
44 44
58 43
34 41
34 43
67 46
38 35
52 30
64 56
40 69
60 31
68 46
37 64
46 34
42 32
44 45
54 64
31 57
34 63
56 48
56 67
40 32
53 66
65 55
42 66
50 38
58 59
48 53
