100 1000 1528
52 47
38 40
32 30
38 65
41 61
62 34
42 59
61 70
41 50
37 51
69 34
46 35
52 60
35 63
61 63
32 62
64 47
70 57
56 58
53 35
53 60
30 64
36 56
67 60
50 30
35 50
46 34
54 43
52 64
63 33
34 51
34 38
40 57
65 31
32 31
34 67
42 37
39 36
58 42
54 62
59 67
48 35
48 57
43 50
31 39
60 67
36 30
70 59
37 31
39 69
31 35
63 36
39 65
45 51
36 55
48 48
35 46
68 70
68 44
43 30
66 33
31 51
47 42
38 40
53 40
38 34
30 40
63 46
65 69
33 36
68 41
40 42
46 67
40 61
54 65
66 65
65 61
52 43
65 52
44 63
43 33
62 55
70 60
60 49
69 49
66 59
62 42
37 54
45 68
32 35
41 31
50 57
65 64
38 54
41 43
67 70
64 57
54 63
68 69
51 32
