100 1000 1633
64 42
60 62
58 49
60 33
64 69
34 60
67 42
46 35
68 52
62 44
38 34
52 45
48 40
53 51
57 59
64 56
33 66
54 45
34 53
54 45
30 57
41 70
65 70
62 36
35 60
37 36
63 66
55 47
37 40
36 66
65 57
57 47
30 40
67 44
48 39
45 44
64 39
47 40
62 67
68 68
46 62
61 39
31 34
52 69
31 45
39 70
45 68
33 32
44 43
37 50
61 60
40 39
58 57
32 30
65 70
42 46
52 51
39 38
59 49
46 39
65 42
34 69
30 55
44 49
35 69
53 32
45 57
67 48
57 54
31 59
69 69
45 48
33 45
53 33
31 68
58 69
32 51
37 70
35 45
63 47
33 56
51 65
63 49
47 42
52 36
57 38
32 34
32 48
46 54
63 65
69 54
37 58
61 49
59 65
60 70
36 56
42 52
62 61
47 52
50 61
