100 1000 1640
39 63
44 45
68 60
47 43
57 42
55 49
42 66
60 59
38 70
34 70
62 43
43 58
59 54
48 51
62 65
42 69
47 62
61 47
63 59
54 55
31 32
38 34
47 43
34 36
37 48
68 63
61 59
45 69
33 70
39 67
70 34
63 40
47 40
37 67
30 46
41 46
62 61
61 36
44 57
59 70
32 69
62 33
31 57
60 60
39 48
56 42
69 70
44 42
30 42
66 56
69 51
57 57
66 45
35 37
53 50
40 40
55 30
30 66
51 39
55 37
39 43
34 51
56 67
40 51
69 50
38 50
53 39
49 31
30 60
55 30
41 52
39 60
30 63
55 43
38 55
67 53
48 65
60 54
56 48
66 67
48 44
41 68
44 65
48 64
59 61
67 50
41 37
59 51
38 47
67 60
39 41
66 61
64 55
51 58
39 39
56 47
60 50
69 53
33 44
44 65
