100 1000 1533
58 37
40 42
36 56
51 36
69 48
50 62
65 67
59 54
50 68
51 52
54 55
70 70
51 39
56 62
36 38
54 66
55 45
42 50
36 52
57 61
52 64
67 40
59 52
52 59
40 61
70 34
39 39
31 30
65 32
64 66
35 70
55 41
47 43
32 52
55 35
54 45
39 64
49 64
58 54
40 52
32 67
60 46
45 67
40 42
33 67
49 37
30 37
66 41
33 54
55 37
36 48
54 68
43 36
35 38
41 63
64 51
38 48
36 54
65 53
55 62
53 69
68 67
70 45
60 70
52 40
45 39
64 34
36 58
53 33
55 61
56 55
43 60
69 36
30 45
30 49
61 37
67 34
33 49
66 69
37 47
40 69
35 46
42 54
62 66
56 62
36 36
36 39
55 67
47 47
69 56
61 34
57 39
67 68
46 35
34 42
61 52
43 33
43 61
61 70
34 58
