100 1000 1606
46 48
58 53
69 35
58 56
69 43
35 40
45 38
57 57
33 58
40 51
63 58
55 56
64 63
42 63
57 34
46 45
47 60
53 62
63 56
51 41
52 52
40 66
61 66
45 68
60 62
54 58
59 34
42 70
57 52
34 39
57 46
38 32
44 39
37 30
46 46
68 61
63 62
66 53
37 56
30 42
32 62
57 54
50 59
33 54
70 56
40 56
65 60
57 59
40 64
68 70
70 32
32 51
39 63
53 42
45 59
57 69
34 38
34 65
49 35
38 44
66 55
41 54
44 33
49 42
53 58
51 49
33 48
34 52
30 54
33 66
52 32
34 49
51 40
45 51
46 54
42 62
45 34
53 44
61 46
38 37
59 60
34 57
45 69
33 62
68 60
51 54
40 39
41 62
60 62
41 44
40 44
30 64
43 43
64 65
47 37
39 43
64 51
68 69
41 60
51 50
