100 1000 1556
57 63
62 68
40 36
63 42
36 36
43 34
68 34
32 65
68 30
30 68
67 53
37 69
39 66
42 66
43 65
67 37
46 49
63 36
67 43
32 40
64 62
34 45
46 38
42 69
58 36
68 43
44 68
46 47
55 64
68 39
39 35
47 47
59 30
32 37
50 31
64 48
59 54
51 57
43 66
54 56
45 39
45 57
40 45
52 47
37 44
47 56
67 64
68 43
57 64
67 49
53 38
52 44
52 57
61 62
56 53
33 43
67 47
60 55
64 44
49 49
64 36
37 59
60 38
63 66
43 67
69 61
65 59
53 62
53 69
38 62
55 58
46 44
40 58
30 57
57 56
40 42
45 50
61 38
37 41
38 46
45 31
57 40
60 32
42 47
31 63
66 58
32 44
33 45
50 56
47 65
42 61
69 64
42 65
48 38
66 55
69 70
30 32
64 39
41 65
63 35
