100 1000 1650
64 37
41 49
32 69
43 31
33 70
40 34
36 66
30 56
45 63
36 31
47 69
54 52
45 46
70 51
56 43
33 59
55 70
42 35
63 68
54 33
34 62
57 70
51 32
58 41
54 64
57 45
54 70
35 40
54 51
40 57
48 47
30 67
61 31
44 51
45 64
64 47
60 51
58 50
32 56
55 63
48 33
60 36
54 69
38 32
58 52
35 56
57 46
70 47
47 57
61 69
69 59
63 68
55 53
37 39
36 36
69 48
40 70
64 51
63 48
45 57
65 39
70 47
54 34
34 36
70 37
49 46
46 49
43 45
56 36
47 47
39 58
42 67
60 56
31 66
61 67
60 61
45 35
36 53
45 41
54 68
39 63
41 45
54 39
40 32
50 62
34 63
60 42
67 66
37 33
56 65
51 42
52 70
55 56
31 62
45 39
31 63
65 37
46 35
44 49
43 61
