100 1000 1523
56 60
52 46
36 48
65 62
48 31
36 67
70 40
51 55
36 45
61 38
30 65
54 68
34 63
69 66
33 52
41 62
51 50
35 39
59 59
65 52
31 55
58 45
52 44
65 31
69 30
38 67
38 31
47 56
56 52
35 43
50 66
51 56
55 58
48 34
42 35
54 69
34 51
35 64
69 54
33 37
58 64
43 64
43 49
70 53
39 40
61 64
56 33
40 44
32 38
45 46
60 60
44 35
39 46
56 57
32 43
49 52
34 47
35 56
68 44
52 49
64 67
46 51
55 41
47 60
41 39
63 34
45 51
68 56
53 42
57 62
36 46
43 50
52 45
66 56
49 37
54 67
51 47
36 46
63 53
69 68
39 67
32 40
34 54
40 57
31 60
48 53
53 40
68 45
39 44
56 69
34 35
68 58
52 43
39 51
38 65
56 46
64 39
67 49
54 35
47 44
