100 1000 1660
60 31
55 46
61 50
67 37
31 49
33 46
54 41
37 65
60 67
39 39
60 51
35 69
45 42
57 39
35 69
40 48
35 38
41 66
61 54
52 56
64 32
45 32
39 33
32 67
47 48
47 59
35 47
59 67
35 62
64 68
33 53
30 65
51 68
34 39
64 59
37 61
53 70
47 66
32 57
67 51
43 48
50 55
36 63
39 63
47 67
44 61
31 52
32 69
32 69
36 34
36 38
45 34
60 50
62 33
66 38
36 36
52 46
62 44
31 42
50 37
58 43
33 68
34 48
61 62
51 58
69 54
59 47
40 57
40 54
59 34
45 59
30 45
55 43
48 54
65 36
48 33
68 45
37 40
52 39
41 44
44 37
35 51
62 50
55 34
54 51
40 45
38 56
58 37
32 34
39 35
36 49
67 49
39 43
61 59
41 52
52 42
66 64
52 37
56 51
67 46
