100 1000 1600
65 34
36 63
47 62
33 61
51 52
46 46
65 35
53 52
57 36
30 64
70 55
66 36
57 62
44 34
39 39
55 37
40 31
41 58
33 65
57 32
43 42
45 36
58 65
66 55
61 70
54 40
32 46
31 66
30 51
60 52
70 43
70 33
52 31
57 55
69 31
32 44
38 36
36 42
68 56
69 41
33 55
37 47
35 44
53 52
65 39
36 67
51 70
43 49
70 42
50 45
63 53
60 58
60 30
67 44
67 69
62 57
49 45
41 31
53 38
34 38
49 62
58 52
32 49
40 67
58 33
51 54
67 66
52 68
35 41
39 69
42 55
40 51
41 69
40 54
53 64
65 38
32 43
65 31
32 55
50 54
70 59
56 58
49 67
30 39
70 33
65 55
41 35
33 69
57 63
66 34
57 59
58 58
45 54
69 64
35 56
55 44
58 48
43 65
59 67
42 65
