100 1000 1526
49 45
44 45
65 32
59 67
38 33
70 70
56 38
64 51
53 47
54 58
43 37
47 58
40 35
46 58
34 55
43 38
46 60
47 52
68 36
64 49
61 43
37 45
49 64
66 66
57 40
37 59
54 43
70 34
60 48
44 37
69 40
51 30
45 59
60 32
42 35
44 52
63 68
65 35
51 35
61 62
34 45
66 36
66 57
31 61
45 66
61 40
58 43
40 34
48 36
39 65
41 46
42 55
44 46
59 50
55 52
36 61
45 66
31 67
52 53
51 36
51 47
56 54
49 30
32 59
36 53
48 36
69 44
39 48
48 59
32 51
53 70
53 46
40 63
70 69
45 52
53 44
32 63
36 41
58 51
42 63
38 47
61 53
57 60
36 31
66 44
51 64
49 40
57 42
36 46
69 39
34 50
52 58
47 66
50 44
67 68
34 64
31 50
68 58
63 34
68 35
