100 1000 1473
54 39
45 40
39 48
34 33
54 37
35 67
62 30
42 64
48 60
56 63
63 31
37 43
68 47
35 47
50 46
52 48
57 35
53 37
53 49
38 60
51 46
61 65
43 41
43 61
60 48
70 32
34 31
43 42
40 64
44 58
36 47
54 38
66 43
59 49
67 56
70 40
58 70
41 37
65 41
53 41
68 63
32 61
70 62
49 64
33 35
36 52
45 58
31 69
61 30
39 37
35 34
42 49
35 51
69 57
51 56
40 33
55 34
61 32
54 41
51 58
41 37
69 33
33 46
39 44
58 34
63 53
59 37
60 65
37 58
40 36
68 65
33 33
52 57
61 30
41 66
58 39
59 43
48 55
56 34
63 58
54 60
63 35
63 62
64 36
31 40
69 55
32 69
63 54
61 44
34 41
50 48
45 67
53 57
69 40
47 53
47 43
42 50
69 46
50 64
36 55
