100 1000 1442
68 49
57 57
44 38
57 37
62 51
50 37
63 63
60 32
66 51
61 55
69 37
67 47
32 66
48 57
42 65
42 31
61 52
32 45
38 53
50 52
34 63
68 55
40 39
40 43
52 64
61 65
63 44
61 36
66 56
59 35
54 37
49 31
62 39
39 36
31 50
65 41
38 61
43 58
51 47
52 36
57 41
62 36
44 31
36 51
43 68
41 30
60 38
62 62
32 52
57 65
51 51
30 52
67 70
41 59
38 35
60 62
30 36
58 52
35 69
55 35
59 54
65 33
44 35
50 34
45 37
69 64
41 30
56 45
70 62
42 50
34 38
61 41
53 47
36 38
63 38
61 41
53 34
48 34
41 69
64 58
42 30
69 36
57 46
52 60
60 43
51 44
69 41
34 64
67 69
41 45
46 67
32 35
51 40
55 58
58 46
33 34
53 60
37 34
39 41
44 48
