100 1000 1538
45 47
65 52
58 56
60 54
44 65
38 63
64 67
49 45
61 63
58 69
67 42
56 49
35 39
33 54
36 30
66 39
33 34
38 63
48 54
31 63
51 45
38 68
51 55
70 66
45 59
54 48
46 44
39 64
46 53
70 58
57 54
40 67
42 50
55 49
40 38
68 49
38 41
37 42
48 46
53 53
51 48
34 45
68 68
65 44
51 44
55 68
62 47
63 62
40 44
50 36
37 67
59 55
43 34
49 48
68 47
46 53
58 49
63 57
41 58
39 40
42 43
64 65
63 38
62 65
65 62
58 62
69 30
70 70
33 48
70 38
58 38
44 60
35 65
31 57
70 63
42 47
64 39
46 57
49 37
49 58
46 32
44 34
50 46
45 31
32 64
46 51
65 65
55 52
36 57
31 60
68 68
61 41
60 43
51 37
57 70
64 69
34 53
62 67
61 56
31 54
