100 1000 1526
41 32
68 55
63 34
40 39
55 36
48 63
51 64
53 46
50 57
41 33
37 47
55 55
66 70
36 46
53 44
62 68
31 51
30 65
62 66
57 53
50 46
62 42
35 31
70 41
66 40
40 52
52 44
36 67
44 37
42 58
51 57
63 56
50 57
47 56
33 43
38 67
44 44
30 41
48 42
54 49
69 47
65 60
70 55
51 51
61 32
51 43
52 62
32 57
63 30
57 63
60 37
42 54
36 44
40 50
31 65
38 68
61 68
31 42
35 57
40 35
56 38
66 43
39 33
45 36
66 62
37 46
59 63
42 61
51 66
50 46
32 35
33 63
48 70
56 44
48 32
49 63
40 46
48 31
49 32
49 63
33 64
43 65
31 30
63 35
40 52
67 43
30 35
67 68
35 54
50 35
58 35
39 32
50 67
40 54
60 68
40 39
64 35
41 51
47 39
54 60
