100 1000 1529
32 51
55 31
45 59
54 37
43 49
56 33
40 61
64 36
59 30
57 66
36 64
46 67
50 62
53 36
56 49
68 65
35 50
34 49
39 32
70 55
70 65
48 59
40 66
42 40
59 53
31 53
38 52
37 59
56 33
55 59
34 40
31 47
51 36
40 49
41 57
66 63
67 70
50 37
38 51
45 56
55 35
64 33
64 44
53 35
31 41
64 64
57 60
66 40
47 59
37 43
56 51
67 63
65 42
63 70
50 51
50 37
58 48
34 66
43 57
69 57
55 41
41 49
35 61
40 68
54 60
58 44
46 35
48 38
45 60
56 41
53 58
53 60
51 32
35 30
68 50
32 62
34 58
51 32
44 45
49 46
39 63
56 60
42 63
38 42
55 54
60 36
37 51
43 43
42 33
58 43
62 43
59 43
54 67
64 67
67 35
40 41
52 58
39 67
65 47
30 32
