100 1000 1555
63 69
63 33
54 45
48 59
48 57
68 41
35 40
40 68
70 35
39 33
47 56
34 62
51 67
66 63
39 31
52 56
43 66
70 42
60 65
62 69
52 60
67 63
30 37
53 32
36 69
34 70
62 30
47 35
39 65
49 70
62 30
32 41
58 42
67 55
44 33
63 64
69 41
52 47
37 35
34 59
66 52
62 51
33 43
56 30
58 35
65 61
41 65
58 65
63 51
65 63
31 70
61 64
66 53
56 49
34 47
39 68
62 63
69 59
56 67
61 43
58 35
39 61
62 36
54 34
63 40
55 69
45 59
33 54
60 44
65 41
70 33
35 34
50 47
50 34
46 30
49 58
52 40
57 37
70 57
48 50
65 40
70 58
43 59
35 41
32 69
35 46
55 59
60 30
51 63
53 36
45 61
31 37
66 67
63 34
40 61
44 41
66 30
43 64
55 66
34 39
