100 1000 1558
59 49
54 58
46 51
39 35
60 64
55 44
68 55
38 30
45 68
65 69
33 45
67 67
45 68
45 38
63 52
46 37
31 45
64 64
32 41
31 34
65 36
39 57
32 67
54 54
61 53
53 36
37 44
54 34
50 39
56 45
60 44
70 42
50 32
58 37
58 58
62 33
37 52
40 52
45 41
62 41
51 69
52 51
48 58
70 54
41 67
49 32
50 45
62 45
31 60
42 31
63 43
33 47
30 34
43 69
37 50
57 54
38 40
60 41
39 60
56 32
44 35
31 51
43 38
30 52
36 59
68 37
45 46
33 55
70 35
64 39
46 61
41 40
53 53
41 67
44 44
44 67
64 47
62 43
52 34
70 62
55 30
66 43
42 68
40 44
40 58
31 58
59 65
44 49
54 68
58 66
57 59
38 67
42 51
42 31
41 64
63 58
50 51
69 54
46 52
58 36
