100 1000 1527
52 67
60 56
58 52
60 36
60 41
36 41
47 44
35 46
40 49
50 36
56 36
68 36
56 31
50 46
41 62
59 30
63 59
47 33
50 30
67 58
50 35
31 47
63 48
67 32
65 45
46 45
70 52
64 34
57 57
67 42
39 52
30 41
64 38
56 58
56 55
37 37
34 67
36 48
55 52
47 50
50 45
30 65
60 55
69 51
42 68
38 46
47 68
56 36
37 63
41 47
41 52
56 59
38 56
59 33
60 56
51 56
50 39
30 35
35 34
44 57
43 43
36 61
51 54
49 54
43 56
53 46
51 30
39 59
47 55
37 32
68 30
64 58
46 36
31 38
58 34
39 56
70 41
31 56
64 58
45 57
49 47
60 64
48 38
70 70
50 66
44 60
63 69
30 50
45 70
45 53
41 47
31 62
39 49
51 65
69 49
32 51
60 44
47 30
44 32
30 58
