100 1000 1479
68 37
59 66
49 47
39 39
41 32
36 55
54 65
60 66
50 33
53 61
41 47
43 35
70 70
54 36
48 61
43 65
40 50
33 52
36 41
38 41
70 30
43 65
57 70
31 55
48 44
38 31
47 48
58 37
37 40
58 64
51 46
49 37
53 56
61 43
50 39
42 46
39 60
48 33
51 65
36 48
34 45
33 53
69 49
31 41
58 52
60 57
42 65
37 55
63 53
50 56
57 47
37 64
43 53
58 44
68 53
69 53
70 65
30 46
38 32
53 59
49 70
39 68
42 61
63 50
66 38
52 63
31 52
55 30
65 31
52 69
40 39
58 47
48 50
59 36
40 67
48 67
58 34
41 44
39 49
55 52
48 47
37 45
48 48
39 49
58 66
68 70
42 45
49 56
70 53
30 51
56 49
40 33
63 58
57 56
63 55
44 44
67 52
43 45
69 63
36 30
