100 1000 1595
52 59
42 47
36 44
48 65
37 56
39 36
39 39
31 38
67 37
42 37
30 44
61 40
35 70
46 58
59 35
67 34
60 37
33 32
41 41
61 35
38 35
63 40
69 34
36 49
51 37
53 32
46 37
60 43
67 41
37 65
65 51
51 53
49 56
43 38
64 61
56 50
41 65
34 64
65 55
41 52
34 69
48 51
67 32
44 63
64 53
37 61
67 33
61 61
57 63
39 49
34 38
63 30
32 55
39 32
39 62
38 67
70 63
70 55
65 48
70 36
47 38
59 44
38 65
36 37
33 48
35 49
67 53
52 70
32 50
43 32
35 47
58 41
57 60
40 42
33 68
34 51
68 40
34 36
51 63
57 37
65 40
55 31
57 30
50 60
57 34
40 50
45 31
54 57
58 49
64 69
67 49
53 32
35 50
42 63
32 55
62 42
53 60
57 38
38 62
31 57
