100 1000 1498
33 64
30 42
62 68
54 43
43 51
60 64
52 44
69 35
70 69
44 68
61 69
32 57
39 70
53 66
60 51
48 62
52 38
42 44
37 39
69 67
42 64
44 32
43 45
56 60
33 33
59 30
64 55
43 33
52 39
35 34
53 43
43 41
69 68
50 42
59 47
59 55
34 41
67 70
50 37
45 41
51 53
70 41
43 31
45 63
45 60
43 62
69 38
52 58
50 60
44 32
55 65
66 40
35 35
34 36
49 62
45 56
68 63
41 67
40 47
57 39
41 37
49 61
39 37
50 53
38 58
55 68
41 70
55 67
47 53
58 44
67 54
39 30
64 46
37 59
54 31
58 62
37 52
51 64
31 46
60 31
30 61
50 40
46 39
67 42
41 52
45 49
35 51
45 38
62 55
56 36
57 39
34 58
61 31
31 35
31 59
69 47
55 46
36 43
65 68
59 62
