100 1000 1500
70 30
64 70
47 66
50 34
64 40
52 40
47 51
70 65
57 61
64 46
34 55
64 68
44 40
55 32
37 69
69 35
30 40
65 63
35 51
52 51
70 50
34 34
31 38
66 67
59 46
40 50
65 54
69 36
61 43
53 50
67 36
67 66
55 60
39 59
65 44
37 70
68 42
38 37
41 36
42 68
52 31
64 68
69 67
47 65
60 55
65 49
35 49
57 38
42 33
40 54
58 49
35 57
58 54
38 64
67 43
50 67
57 36
49 57
32 51
35 58
53 66
60 47
61 38
68 44
43 42
31 46
58 64
32 45
40 59
52 34
48 30
58 62
53 69
63 59
62 40
37 58
44 67
62 55
43 48
45 43
38 58
43 49
57 66
49 45
62 37
57 67
55 60
63 48
36 38
67 69
69 47
66 60
70 68
34 66
68 67
48 38
65 42
64 63
52 33
46 35
