100 1000 1468
68 48
51 61
69 53
34 41
64 69
35 42
37 36
46 33
56 68
62 54
43 52
69 42
62 63
63 64
52 30
47 65
43 43
56 32
56 40
60 67
63 62
54 48
61 56
51 69
63 61
67 62
36 64
30 46
57 39
41 35
59 31
63 58
48 62
39 49
64 60
48 46
58 65
40 42
54 45
43 32
38 66
45 60
60 67
68 56
31 35
32 41
46 61
39 58
50 49
53 55
40 41
33 60
31 57
41 33
30 64
67 33
40 30
70 34
64 43
59 57
30 53
35 35
56 30
61 55
48 47
59 63
63 41
31 48
35 38
34 37
36 52
70 45
70 53
43 51
61 33
47 52
36 46
56 40
63 49
70 32
66 57
45 52
65 38
38 68
45 46
51 43
56 63
68 63
56 62
34 31
65 57
61 51
46 40
36 55
52 64
37 41
33 48
41 60
35 49
64 63
