100 1000 1441
46 42
44 33
60 31
68 67
54 32
70 35
41 64
37 36
34 32
44 49
60 61
32 43
48 47
58 50
54 38
45 49
41 40
69 70
64 31
67 46
58 57
61 30
46 41
49 33
39 69
45 51
65 44
66 66
60 48
57 48
33 36
55 62
66 41
47 65
38 30
67 48
53 43
66 44
61 54
70 63
51 42
58 50
68 45
49 67
54 49
33 60
52 49
35 34
65 40
47 45
60 53
44 30
65 32
41 37
67 50
54 68
64 61
66 55
62 62
30 65
37 38
44 65
61 69
37 30
37 62
32 56
65 35
67 50
40 54
68 63
33 36
66 50
63 60
60 35
50 47
46 35
53 53
39 36
53 65
38 59
65 33
32 61
61 41
38 58
57 57
64 34
67 70
39 59
63 51
46 52
57 63
65 66
43 52
56 61
50 67
32 61
49 51
58 34
58 63
58 65
