100 1000 1499
49 35
32 55
43 64
60 30
49 56
30 40
43 53
52 66
49 66
49 64
39 57
48 53
60 30
40 50
42 57
36 51
67 70
47 32
68 34
44 38
34 70
51 63
46 56
30 68
63 67
50 47
36 66
50 53
62 44
70 32
58 55
46 55
37 54
61 65
56 42
38 68
61 32
36 44
34 65
68 42
45 30
50 61
57 64
37 56
60 52
70 33
48 59
52 49
32 49
38 30
46 36
43 56
50 63
41 38
58 51
62 41
46 59
37 46
51 42
50 32
37 44
57 30
45 56
66 68
56 42
51 53
57 50
63 54
41 44
49 40
56 63
38 40
44 68
70 45
59 63
52 42
52 31
57 39
43 65
65 39
36 52
59 36
52 30
53 55
33 31
47 30
66 64
37 42
35 54
46 52
56 66
51 34
32 42
34 39
61 68
60 50
70 33
65 51
33 39
61 67
