100 1000 1554
40 50
35 52
50 57
42 53
53 34
30 31
68 63
37 57
39 56
70 31
30 48
64 64
35 64
67 64
69 63
60 70
65 69
39 35
40 52
38 54
44 47
42 30
54 56
39 62
70 68
34 57
68 34
62 68
46 36
66 45
37 52
45 56
36 34
69 42
36 31
56 48
30 58
66 62
45 43
32 65
30 32
62 54
62 33
41 44
50 53
41 58
33 44
61 46
31 35
58 43
35 65
64 57
62 31
59 31
44 60
65 46
43 68
40 54
67 53
46 35
40 48
42 56
69 59
36 43
58 70
63 58
56 58
46 37
39 60
54 69
70 58
50 56
34 34
42 40
32 30
49 33
55 56
38 66
41 67
35 49
34 58
40 54
66 46
48 62
43 67
64 52
46 36
53 70
36 35
34 41
68 59
59 40
54 58
40 57
66 51
36 65
67 53
43 32
70 61
49 32
