100 1000 1600
39 34
30 59
31 51
60 65
57 49
69 31
40 65
67 53
67 64
42 59
56 40
54 67
67 47
40 58
30 51
70 42
67 37
50 65
33 58
60 38
30 49
49 61
68 33
48 70
32 51
34 42
31 66
46 44
70 30
33 60
48 65
60 35
69 65
30 59
37 51
67 63
37 39
56 68
58 61
51 53
37 70
70 69
56 43
49 36
64 34
35 36
54 39
53 62
57 63
38 35
34 43
47 33
39 45
61 33
63 56
42 42
51 33
43 65
44 62
64 33
61 58
47 52
34 68
52 51
61 55
70 53
68 42
52 55
61 31
64 47
41 59
33 63
44 54
43 65
50 36
51 35
57 58
37 64
69 38
61 57
60 39
63 51
37 42
57 44
52 36
49 39
51 62
54 45
64 46
61 45
59 36
58 53
36 58
48 59
38 57
49 57
49 57
59 60
51 47
69 39
