100 1000 1458
47 54
62 33
38 62
32 68
50 33
49 63
70 65
33 38
47 43
33 40
34 61
48 40
66 59
41 41
39 31
40 63
32 33
55 44
66 69
66 37
68 39
52 37
53 38
48 62
41 34
36 61
37 43
43 58
49 47
35 57
57 37
68 55
70 34
42 60
60 31
47 69
70 61
48 54
68 34
53 42
56 44
65 37
48 44
68 43
44 66
38 49
61 42
43 39
36 53
56 61
53 51
64 44
59 41
40 44
61 59
70 65
68 44
50 61
47 39
53 63
46 55
66 36
70 61
63 41
68 57
51 37
61 57
65 43
61 66
66 67
46 47
36 64
37 36
46 52
51 51
52 38
67 35
55 36
68 33
46 64
39 58
44 59
69 66
57 46
48 31
65 57
42 39
46 41
32 59
58 49
64 38
49 39
61 40
60 67
45 69
52 37
50 43
69 57
59 43
40 44
