100 1000 1632
69 50
60 41
38 40
51 64
33 59
47 39
36 34
45 44
69 53
65 54
58 50
47 64
70 38
40 38
50 49
60 53
61 31
70 36
70 50
51 58
41 50
63 37
41 54
49 32
41 38
41 51
31 67
47 42
52 47
37 56
49 32
65 32
61 42
52 66
44 67
64 34
30 55
40 52
46 39
43 57
43 34
36 65
31 43
50 35
69 64
42 65
36 52
51 49
61 54
52 44
46 52
50 32
38 65
55 41
34 70
60 49
36 68
61 38
31 46
62 51
67 53
32 48
32 66
47 50
33 41
49 33
56 45
53 68
52 31
62 34
49 61
66 39
46 43
63 45
64 67
38 64
30 69
31 65
32 34
56 35
63 45
68 48
69 53
42 58
52 70
66 52
56 32
44 68
68 44
55 59
65 66
41 37
67 47
32 32
31 65
48 30
47 61
43 54
47 70
56 38
