100 1000 1480
50 41
59 41
39 32
58 37
31 68
30 62
38 59
36 62
67 54
67 51
69 46
49 70
66 43
61 67
60 38
63 59
68 63
54 37
30 61
36 42
41 68
52 39
62 39
60 48
59 33
49 65
50 46
58 36
59 49
56 51
33 41
51 45
66 65
52 54
59 68
69 68
59 63
45 65
52 62
44 43
55 65
35 45
54 35
54 62
44 66
47 42
35 46
38 63
60 69
46 51
38 36
48 55
39 46
53 51
67 45
70 52
44 31
60 59
53 50
40 36
35 44
53 37
47 30
67 31
70 70
58 38
49 57
62 52
66 53
36 61
59 40
47 56
44 43
60 50
64 68
31 41
65 34
45 51
68 58
53 50
34 59
63 31
62 64
46 53
37 40
38 46
46 43
47 58
50 31
67 33
38 46
50 50
35 41
40 59
37 64
49 59
65 32
38 53
65 42
38 30
