100 1000 1536
38 56
62 37
33 35
52 70
56 41
68 34
53 63
49 38
62 36
40 40
43 38
35 45
39 46
54 32
32 47
68 41
60 53
57 67
33 41
53 48
40 33
48 70
30 40
62 56
40 46
31 63
62 45
41 48
55 51
65 56
41 67
31 68
46 43
50 37
38 51
63 33
45 67
36 65
47 51
61 44
36 34
36 66
46 70
66 68
61 57
48 42
59 35
58 56
33 50
54 61
54 44
61 48
67 50
36 47
33 53
47 47
67 67
46 57
30 57
70 69
46 34
36 34
62 44
66 35
67 64
54 50
34 58
53 48
42 52
70 60
67 35
63 51
37 36
57 54
45 44
33 64
35 46
58 66
30 57
56 30
46 54
61 49
61 49
30 48
47 59
45 59
64 49
69 40
47 45
38 46
51 53
60 35
39 47
48 53
55 69
56 38
57 50
55 55
67 69
48 55
