100 1000 1608
43 30
68 67
31 70
38 64
46 49
66 38
68 68
34 53
58 67
68 58
41 33
53 69
66 56
50 36
63 55
66 33
35 62
32 43
35 61
33 61
42 46
41 53
50 61
49 53
39 67
35 43
30 36
55 40
64 68
53 48
42 35
46 54
52 35
68 38
67 40
33 70
61 60
68 33
51 68
46 56
31 70
43 34
61 37
70 43
46 38
33 51
35 55
65 34
64 39
45 40
55 66
63 34
49 55
53 54
61 39
38 65
65 30
53 55
52 61
63 69
45 58
66 40
67 51
38 34
42 53
36 40
39 41
60 70
36 40
49 67
52 62
59 69
68 55
64 67
42 63
34 63
68 55
60 37
50 61
33 48
55 37
41 68
31 45
56 68
68 32
42 39
38 48
66 46
56 38
53 56
35 39
67 42
30 70
63 39
32 43
39 63
70 35
57 44
60 44
38 48
