100 1000 1484
66 52
44 39
60 59
70 36
33 42
56 33
70 57
35 37
57 31
54 30
31 42
33 54
39 63
39 33
31 54
43 56
61 68
43 63
58 63
69 61
42 59
55 70
60 61
61 57
66 57
54 40
47 54
45 57
31 65
44 50
59 67
66 44
68 68
51 63
46 33
44 64
49 38
49 49
55 69
51 51
30 58
64 49
61 65
67 58
54 67
36 51
42 32
36 48
68 55
51 30
50 35
67 70
48 47
60 52
62 55
40 57
63 41
41 33
70 50
46 62
54 32
58 37
66 57
35 68
41 30
58 55
68 31
63 41
60 49
34 49
63 57
56 48
31 49
54 41
38 62
49 33
67 41
58 59
53 35
52 37
59 58
54 48
58 48
43 32
38 50
65 31
37 52
66 48
35 62
30 33
35 55
57 63
42 42
51 42
36 41
54 38
58 52
39 37
50 62
52 30
