100 1000 1445
69 69
64 50
45 57
44 47
59 35
58 67
65 55
58 58
35 54
53 46
63 62
30 39
63 41
30 49
68 48
35 57
70 31
54 58
64 59
70 70
47 56
55 60
39 70
60 51
49 54
62 55
45 51
64 39
69 34
48 37
55 43
60 67
60 47
33 56
54 59
35 39
70 31
47 33
62 66
42 57
61 57
31 39
36 57
65 67
51 60
59 57
67 34
63 51
62 36
69 34
30 46
66 55
64 33
52 46
40 37
48 41
50 69
44 44
62 33
30 56
49 46
45 45
70 32
44 33
52 35
50 55
52 63
49 70
47 70
40 70
56 54
34 33
40 44
68 60
70 56
45 44
30 49
49 52
45 52
40 42
43 56
57 57
70 44
55 41
48 64
32 42
59 64
56 49
33 54
66 61
38 41
69 32
48 66
52 41
30 38
40 52
59 36
70 59
35 32
63 40
