100 1000 1487
50 68
35 30
52 35
64 66
67 32
69 60
62 69
45 69
46 30
49 62
63 47
69 49
42 45
49 63
55 39
35 33
68 62
57 70
55 39
34 53
50 46
46 35
50 53
54 33
64 33
34 59
34 56
62 70
45 43
45 61
37 53
44 32
48 36
64 33
43 60
37 31
55 35
42 44
41 68
59 41
32 53
40 56
50 62
46 34
43 45
63 58
53 66
32 32
47 44
45 48
68 37
35 34
32 68
62 54
35 44
59 68
56 32
64 63
37 70
31 37
65 32
50 57
69 63
64 67
67 36
57 52
45 65
46 44
56 45
59 68
70 69
46 42
65 53
61 38
38 55
50 39
52 39
69 69
31 55
54 50
32 67
39 39
38 46
65 33
47 55
70 30
44 34
59 60
53 39
62 60
59 46
45 48
69 69
56 39
45 59
38 58
59 42
59 38
68 67
62 40
