100 1000 1488
30 59
56 31
63 61
56 52
53 31
35 50
64 56
66 70
66 52
44 30
68 67
62 37
65 46
39 68
42 48
65 65
68 67
51 58
46 58
69 45
38 47
38 64
31 54
70 51
37 62
37 32
30 30
68 70
69 45
65 36
48 67
60 30
63 52
61 45
66 45
40 41
37 57
55 65
62 64
68 53
51 30
60 51
53 31
57 66
44 54
49 57
53 68
56 68
42 45
61 62
36 60
55 69
41 61
63 68
36 46
47 57
57 36
51 41
50 45
43 39
56 49
37 66
39 65
54 67
68 30
59 35
68 38
56 54
53 41
37 32
58 70
48 48
56 64
40 39
46 40
64 70
64 42
42 66
54 33
70 54
58 34
34 49
55 30
37 50
58 67
70 62
50 32
53 45
34 30
45 55
48 35
67 66
49 57
47 50
31 67
62 45
59 47
35 57
45 54
53 37
