100 1000 1599
38 64
43 48
52 35
57 60
52 69
46 37
44 36
60 40
67 33
66 30
67 57
51 54
48 39
35 35
33 51
38 37
42 35
57 53
40 39
37 65
70 33
46 60
31 67
53 57
56 67
47 34
69 37
35 62
48 64
30 57
43 34
41 37
49 31
36 46
57 57
58 54
51 63
32 67
43 68
68 46
44 50
45 31
30 40
68 34
54 59
38 70
61 63
34 30
54 58
53 44
57 60
55 67
37 64
69 43
43 55
46 61
54 45
70 55
34 48
35 49
32 64
30 61
47 33
47 44
37 34
67 39
40 58
40 47
50 70
49 51
36 61
63 67
58 68
50 34
56 30
62 70
49 58
47 70
58 59
46 45
48 63
39 53
51 46
33 61
54 47
69 64
46 33
42 55
31 44
69 32
51 62
42 66
39 52
54 53
70 54
61 31
55 53
40 34
68 64
46 31
