100 1000 1509
65 37
34 51
56 40
63 42
37 50
47 50
41 55
67 56
66 66
42 53
60 61
50 50
44 70
44 68
51 56
60 32
69 55
46 66
35 41
57 54
56 61
43 45
70 40
47 62
35 46
50 40
58 33
48 60
33 69
45 42
35 41
63 60
56 56
35 66
66 49
53 63
45 63
36 42
45 51
67 68
55 44
63 54
60 37
50 30
62 57
64 43
35 38
50 49
51 32
34 45
45 41
48 62
60 35
62 37
61 50
58 33
66 44
70 60
51 35
54 61
55 36
62 50
38 69
50 31
32 33
49 32
30 56
51 67
45 64
38 64
65 47
38 46
56 56
66 66
39 48
33 45
67 32
41 67
50 48
67 49
42 47
40 40
44 37
52 69
54 62
54 54
48 57
49 66
43 60
53 49
57 31
42 66
45 65
59 45
37 68
64 35
70 64
59 53
42 46
64 48
