100 1000 1552
32 54
53 66
56 61
66 40
43 32
64 44
46 32
58 52
64 68
63 32
43 37
49 49
41 44
68 68
34 31
57 56
69 50
51 64
41 59
36 63
31 66
32 54
48 60
36 61
65 49
36 48
55 53
37 49
50 70
70 40
48 69
33 68
47 34
41 68
63 70
55 41
54 56
37 64
34 46
38 65
55 36
42 30
65 61
43 58
40 53
40 47
48 54
63 37
45 35
53 39
35 31
47 69
67 54
43 39
60 65
36 47
66 56
37 50
35 35
47 55
40 32
60 55
58 65
30 38
36 44
38 68
34 33
35 65
42 51
66 36
42 51
37 70
48 56
64 51
68 63
31 37
51 42
66 36
55 43
69 66
42 41
39 38
52 31
67 46
55 39
45 41
61 65
55 33
46 70
44 49
53 39
41 35
69 55
53 56
33 31
54 47
52 32
50 30
37 41
58 54
