100 1000 1607
36 59
32 70
43 57
69 65
31 58
66 41
47 61
70 59
48 57
46 60
37 57
44 42
61 47
50 56
62 37
62 66
38 49
60 48
66 49
63 53
32 37
47 62
66 70
54 43
41 65
65 33
50 47
38 69
35 58
61 43
58 64
34 35
48 50
34 48
34 64
44 41
68 60
44 40
46 58
63 53
70 48
30 55
53 30
38 52
66 46
45 47
69 62
55 65
61 50
64 68
51 70
60 41
63 66
44 63
49 53
66 68
48 52
68 51
55 64
41 66
63 33
37 57
36 44
48 41
32 44
45 41
70 36
42 70
51 70
34 59
47 47
31 30
54 50
39 40
59 49
36 69
32 65
69 45
43 50
49 35
60 51
42 52
38 56
67 68
59 62
31 31
47 39
55 64
67 68
39 62
66 70
37 31
67 65
58 59
69 66
46 56
34 45
37 45
48 43
35 70
