100 1000 1599
30 57
47 62
58 47
51 47
39 51
35 31
54 66
36 44
63 58
63 69
33 37
54 45
67 57
50 50
61 70
62 32
30 33
32 70
45 61
55 50
54 34
42 43
60 69
36 32
46 53
51 69
68 52
34 49
48 53
55 54
51 52
53 33
34 57
49 68
52 60
33 51
39 67
58 56
30 44
36 66
42 47
68 54
32 41
48 49
36 62
41 40
58 57
64 67
62 31
58 33
67 55
38 50
36 52
51 66
50 50
63 30
56 35
39 62
43 36
32 61
42 65
61 68
47 60
45 48
68 66
67 40
47 60
60 43
48 30
65 46
61 41
31 67
40 41
30 64
66 61
30 38
63 30
55 43
46 64
43 61
30 69
69 53
37 56
38 45
49 30
48 65
42 56
58 66
51 40
54 38
62 69
52 41
54 30
35 38
69 54
44 37
47 48
39 45
40 68
65 66
