100 1000 1590
47 45
38 43
62 63
54 59
51 37
39 70
69 61
48 60
32 54
44 36
44 64
64 47
57 39
30 59
64 49
35 51
56 33
33 39
41 35
70 67
30 41
65 56
55 65
37 51
70 60
69 56
44 61
51 53
65 49
49 66
42 51
36 66
41 60
40 65
51 49
39 68
61 57
40 66
45 42
62 41
41 65
58 35
35 58
40 33
68 70
63 68
38 58
42 38
45 52
67 41
54 55
52 49
70 49
54 40
34 47
39 68
39 30
31 30
46 52
63 65
53 67
69 32
66 44
52 57
58 41
45 34
58 43
47 45
49 62
49 55
44 56
68 41
43 67
48 66
46 34
56 69
57 64
38 62
31 70
50 69
40 39
52 65
48 55
43 63
36 34
67 42
64 62
35 33
31 54
67 30
47 37
46 68
64 39
47 69
69 43
36 45
57 38
60 36
42 60
51 31
