100 1000 1458
42 66
46 37
52 55
38 35
39 34
53 47
35 39
60 37
69 46
39 34
49 59
30 53
70 43
53 54
46 68
31 67
64 36
48 42
63 53
49 35
32 65
54 68
66 46
46 35
62 43
58 63
57 36
70 69
40 32
61 64
64 52
54 46
42 67
62 56
34 48
39 48
47 67
51 70
64 33
49 42
57 45
61 41
65 31
33 37
40 64
33 31
49 54
55 41
43 50
65 55
40 54
64 53
45 37
65 40
53 52
44 49
47 54
64 39
35 35
41 68
52 39
37 59
57 55
60 59
40 48
58 33
61 33
50 33
70 36
53 39
56 62
54 51
49 48
51 51
55 60
45 63
35 45
41 38
56 70
46 51
30 70
41 33
43 41
53 50
59 46
48 33
69 63
30 31
55 32
51 46
62 33
41 47
69 32
54 30
66 50
49 67
41 39
70 54
65 38
54 40
