100 1000 1531
62 32
57 49
45 68
46 56
42 48
49 34
43 65
34 66
64 59
58 69
37 59
67 48
51 57
63 57
50 49
46 58
36 70
61 59
60 33
64 49
55 58
36 32
69 70
30 64
60 32
58 55
70 49
34 67
48 34
44 62
34 67
57 40
52 31
70 58
61 66
58 66
51 45
59 43
32 33
45 44
52 42
59 37
54 55
58 57
55 69
64 57
48 36
64 54
46 54
62 31
46 61
36 41
41 58
40 38
52 56
53 70
48 54
67 39
53 69
65 36
41 63
61 69
42 36
50 40
35 45
66 45
66 61
38 30
47 37
64 41
40 58
59 37
39 42
55 70
68 56
30 53
59 45
33 31
63 69
70 70
66 37
54 37
48 40
66 60
46 56
49 45
43 40
30 68
67 31
37 51
44 55
66 51
43 66
42 49
33 53
54 45
33 41
41 48
31 39
30 40
