100 1000 1518
67 56
63 31
55 51
56 45
70 44
47 51
65 42
63 37
55 34
30 51
64 65
42 30
39 70
52 52
64 52
58 30
58 56
62 54
53 53
34 60
62 47
43 34
31 45
36 53
62 64
34 43
49 31
52 34
65 59
48 31
37 30
53 54
47 30
42 65
48 53
43 35
50 68
31 64
43 34
41 62
42 65
56 50
56 51
30 44
63 61
46 37
51 45
41 47
52 46
39 61
58 39
57 30
60 64
42 49
63 55
47 31
53 35
61 62
37 45
58 46
56 32
69 41
43 58
36 39
58 43
33 36
53 62
32 46
38 52
57 30
50 52
45 42
52 50
67 60
60 61
30 50
38 66
39 64
44 40
66 57
51 40
39 70
65 34
52 65
30 54
39 60
65 59
64 31
66 57
36 53
44 41
42 61
63 41
66 66
38 30
58 44
57 62
54 31
61 36
59 56
