100 1000 1637
58 63
69 62
36 31
49 35
66 62
46 70
68 67
33 63
60 63
40 60
46 41
34 61
39 62
40 52
61 50
34 64
49 42
32 70
57 57
60 67
55 58
47 56
39 31
49 53
41 34
36 62
33 58
37 68
37 62
62 62
54 44
37 48
70 53
63 53
41 54
50 40
44 61
34 64
33 39
33 61
50 53
50 53
62 57
68 33
56 52
54 57
69 46
61 49
32 62
39 35
31 42
32 51
61 58
47 37
68 55
63 48
45 68
37 64
49 65
49 40
48 66
54 43
63 40
52 52
51 50
70 51
43 45
33 36
51 66
43 46
59 45
43 36
57 60
54 40
34 52
51 67
69 64
42 42
69 38
58 59
58 46
42 46
43 68
35 39
31 40
52 58
43 42
69 61
35 37
62 48
62 57
41 69
41 48
67 51
68 38
40 66
34 35
30 48
54 33
51 43
