100 1000 1468
48 60
64 40
49 39
34 70
30 45
42 43
49 44
33 31
56 30
30 43
48 45
42 63
68 45
37 58
50 60
54 69
51 53
35 63
34 37
61 31
70 70
30 37
54 46
65 53
53 66
39 33
51 30
43 52
57 32
59 48
60 65
69 38
48 39
53 53
61 63
54 59
62 68
40 30
42 43
51 55
62 32
50 30
63 38
46 35
70 65
40 54
43 62
57 47
36 55
59 41
46 42
51 54
30 54
30 57
61 52
32 56
42 66
37 46
34 41
69 50
68 54
54 32
30 60
42 59
68 49
30 35
40 56
55 47
54 69
32 30
63 57
62 49
61 60
57 60
69 43
48 38
69 41
37 38
63 36
56 57
69 48
69 47
33 36
38 52
45 39
38 44
59 55
53 46
58 49
39 51
36 36
49 70
49 52
66 34
52 48
51 43
58 32
48 33
36 32
55 62
