100 1000 1608
47 50
70 35
63 52
35 66
36 37
44 53
65 48
60 46
37 65
42 37
62 56
34 68
50 50
58 38
43 40
30 30
48 67
68 40
50 37
42 56
69 47
38 46
61 66
51 36
39 63
36 64
41 51
33 52
70 60
70 52
38 69
65 58
58 53
66 42
56 49
62 57
51 63
31 43
48 52
53 62
32 45
61 64
47 63
39 39
32 47
47 36
58 42
50 64
48 60
61 61
39 30
41 70
55 64
61 42
30 47
51 35
58 47
47 45
57 57
36 32
66 49
30 46
59 35
65 30
59 30
42 33
58 63
49 40
66 43
48 33
59 44
35 48
52 67
30 62
61 37
31 57
47 63
50 32
47 63
34 35
33 56
60 55
54 34
56 37
50 69
39 63
39 64
39 66
66 70
60 56
48 37
40 33
36 35
51 40
43 65
63 66
67 43
31 66
69 67
47 67
