100 1000 1486
69 52
67 67
56 56
48 65
70 61
68 39
68 34
60 45
42 61
57 55
60 60
40 58
34 59
31 37
39 43
30 48
65 54
40 43
39 69
63 38
41 49
50 31
34 55
38 60
34 34
43 67
30 56
40 50
36 36
62 50
53 68
38 47
69 68
38 37
48 43
58 64
40 42
33 44
36 32
48 46
46 58
44 56
49 35
45 39
42 30
52 34
44 66
55 36
50 69
56 46
65 47
61 46
44 45
54 45
59 62
41 41
47 61
40 44
66 33
68 62
57 48
37 46
42 52
40 51
38 69
69 68
51 39
46 38
52 51
59 58
66 49
35 38
57 37
70 48
54 42
52 33
41 51
33 39
55 62
35 42
69 50
67 51
56 61
66 44
44 50
69 70
60 57
54 54
32 59
53 67
70 44
66 32
61 36
56 49
30 33
36 50
35 55
30 64
69 34
70 37
