100 1000 1702
36 58
38 59
66 56
54 46
68 60
42 70
52 67
38 39
54 48
30 43
62 36
47 37
68 41
55 64
66 42
46 62
42 50
54 41
55 34
43 68
35 63
44 69
35 40
49 45
46 30
63 43
60 56
34 48
60 50
60 50
68 32
44 46
54 42
61 40
43 53
50 43
30 31
53 66
44 50
31 43
35 64
38 44
40 67
42 55
47 36
57 53
36 33
34 51
62 30
65 32
32 68
70 33
58 43
37 69
30 53
31 53
50 36
31 63
69 62
39 54
32 51
45 44
65 61
69 41
31 51
64 54
30 61
66 37
34 61
56 55
50 65
40 70
33 39
31 41
66 38
31 69
70 51
46 30
66 58
41 65
70 44
39 69
45 40
40 30
54 61
57 51
54 55
50 60
52 41
38 50
31 52
54 53
31 64
63 63
41 48
40 61
66 37
62 55
68 41
45 41
