100 1000 1554
51 61
63 48
57 52
65 54
61 58
54 57
33 39
43 36
40 45
54 32
59 69
30 61
41 57
62 58
38 69
49 67
41 57
52 49
64 30
31 42
52 61
68 30
53 55
33 70
37 63
63 63
62 41
66 40
63 62
42 30
54 43
43 69
54 44
49 48
45 67
60 52
32 40
49 47
33 54
31 70
42 48
58 55
30 60
67 61
39 45
56 56
66 66
70 43
39 39
62 31
32 44
61 43
68 48
32 61
43 44
54 68
55 42
33 57
69 44
49 33
35 39
45 62
68 55
61 66
48 34
69 64
46 58
38 43
66 61
44 53
48 70
38 42
56 40
63 62
46 44
31 47
44 52
62 36
38 51
46 59
57 39
68 39
43 54
61 50
36 33
56 66
62 40
41 30
63 54
31 46
60 61
40 37
30 42
37 56
56 41
55 36
39 59
46 59
57 34
45 45
