100 1000 1499
30 54
47 59
53 48
31 44
69 54
66 42
46 38
46 36
50 57
66 53
41 53
36 68
57 59
44 60
64 69
56 66
48 47
44 49
62 35
68 54
64 39
46 56
41 67
67 69
48 63
40 46
62 60
53 48
38 47
54 62
61 67
52 70
39 36
47 59
42 38
43 56
39 50
32 49
59 32
43 34
65 53
57 33
56 60
40 42
59 31
62 37
39 60
57 67
57 43
50 37
44 39
35 60
51 66
30 56
37 58
42 31
43 50
35 41
67 69
61 69
32 53
51 49
57 46
42 68
39 52
49 69
59 55
64 56
51 58
55 55
30 57
69 47
34 55
44 35
63 46
43 50
57 40
52 63
44 47
55 44
60 46
49 44
63 30
58 70
56 60
41 62
49 50
60 70
32 64
55 65
39 48
51 65
65 43
47 34
56 63
40 49
65 57
69 32
50 39
42 35
