100 1000 1591
56 32
61 51
65 60
55 59
33 65
38 44
60 69
47 47
48 31
46 36
53 62
48 65
61 63
44 33
41 70
30 36
37 38
51 55
47 42
58 68
58 37
53 45
34 34
70 58
52 60
59 56
63 45
31 50
62 51
46 47
39 49
63 40
58 47
30 45
36 63
44 44
37 51
44 66
49 34
52 65
61 32
47 35
70 44
39 67
38 69
42 65
38 47
52 51
35 56
37 42
47 70
61 63
67 49
40 48
31 46
66 69
42 37
40 52
70 57
45 70
47 33
59 33
41 67
50 60
50 52
31 35
65 39
35 58
49 58
36 68
47 54
30 38
70 62
45 49
40 38
68 33
30 69
52 58
69 56
40 47
59 63
39 57
67 56
51 42
35 61
44 36
43 38
48 51
58 38
35 33
65 69
63 35
58 34
42 41
62 69
57 50
43 44
64 57
46 70
32 62
