100 1000 1563
48 57
67 34
67 49
61 51
39 61
68 47
51 33
36 61
44 53
50 33
39 51
58 56
60 41
31 55
36 57
41 62
67 31
67 30
62 47
50 42
46 47
54 68
65 33
69 62
44 35
36 57
60 65
67 47
32 31
57 49
38 34
59 47
61 47
46 34
34 63
31 56
42 69
62 44
36 39
54 45
52 46
38 67
49 62
70 32
62 39
68 50
61 31
30 63
61 60
49 30
68 57
56 70
41 65
54 60
37 49
47 55
54 40
49 37
65 51
36 30
65 54
58 58
70 50
38 59
69 40
36 46
58 48
38 30
65 51
59 52
34 58
61 30
38 32
53 68
57 40
31 31
30 48
56 47
45 43
61 34
55 61
59 50
42 64
34 42
36 46
70 33
35 56
31 60
37 58
54 47
43 56
43 57
35 49
56 59
60 60
52 49
61 58
47 70
51 41
58 51
