100 1000 1578
69 53
42 36
32 60
37 46
45 57
70 45
58 42
51 69
49 53
32 46
49 46
62 39
54 66
34 52
60 54
30 35
35 60
37 69
48 70
54 56
41 43
55 50
56 62
30 31
61 61
54 67
42 65
70 69
35 62
64 47
37 45
42 62
45 34
51 58
35 65
39 44
33 70
69 45
60 43
62 36
70 45
69 60
53 54
47 32
65 34
52 39
41 49
55 38
67 31
60 46
66 38
65 64
55 62
45 49
30 54
69 43
60 38
43 62
40 69
70 44
34 65
41 34
37 68
69 53
67 59
62 67
70 70
40 67
68 46
42 58
59 67
58 32
49 63
49 53
62 61
43 58
35 45
44 47
61 44
41 47
61 67
69 48
31 60
41 60
58 47
41 32
45 45
52 53
39 30
63 70
39 49
54 50
57 38
44 45
68 40
54 60
59 61
52 67
64 33
59 70
