100 1000 1566
61 36
35 66
50 46
47 65
67 30
58 58
32 47
31 36
41 66
53 69
46 51
65 34
57 58
67 48
65 46
56 62
33 46
45 35
58 37
57 39
52 55
63 40
32 53
53 41
42 51
51 47
59 59
70 39
39 54
34 69
33 39
69 66
59 59
69 45
40 56
57 52
63 32
63 37
58 65
39 45
38 53
32 46
39 65
69 42
61 36
58 62
31 47
52 68
34 51
41 63
64 66
47 64
46 36
32 42
34 58
69 51
68 46
42 57
57 48
58 56
43 44
43 53
32 61
60 45
45 64
63 67
44 65
40 67
32 55
68 34
35 55
59 62
34 50
65 67
48 35
66 32
46 64
65 46
45 48
69 51
30 44
47 45
41 65
40 34
58 70
70 42
47 51
70 49
43 70
60 49
31 51
59 70
39 30
40 53
60 55
45 48
61 37
58 63
70 64
49 39
