100 1000 1430
41 49
56 43
54 38
32 39
42 42
59 32
62 60
62 52
65 69
39 35
54 46
39 51
51 70
64 67
57 43
38 53
52 38
56 61
50 58
35 63
41 65
35 59
48 43
34 49
70 49
47 53
49 41
33 57
61 59
66 35
54 47
58 68
31 43
60 55
50 51
63 42
48 59
44 69
62 37
51 43
47 70
70 60
68 46
37 35
53 34
59 69
65 59
68 36
40 44
65 32
38 35
66 37
55 57
70 50
65 55
69 48
61 57
67 46
47 30
55 33
52 33
50 44
69 38
38 31
34 38
67 36
55 33
67 45
31 56
66 49
60 59
58 51
39 37
58 49
61 52
66 48
51 65
49 51
43 69
30 50
64 47
43 57
37 54
64 53
45 63
55 34
38 47
53 69
61 66
49 32
43 39
61 48
60 49
33 51
42 46
37 33
39 47
69 48
70 58
64 44
