100 1000 1539
66 49
50 32
44 43
31 57
34 55
50 34
54 59
47 65
57 31
39 57
57 51
70 46
58 64
59 31
39 30
49 58
64 49
59 44
43 43
54 69
42 60
30 37
50 33
31 42
33 49
44 64
52 44
44 42
36 40
33 65
61 45
47 65
44 32
59 70
30 37
57 67
45 39
64 55
37 39
66 39
32 69
40 55
31 41
60 44
58 54
58 30
59 58
68 64
54 70
37 36
30 34
60 36
38 38
57 51
54 45
34 35
68 37
67 53
43 66
30 42
58 61
65 65
68 60
64 56
58 66
48 56
35 54
55 31
46 33
61 57
40 57
49 35
48 66
68 62
58 32
39 60
40 40
58 45
47 58
47 68
53 60
38 61
54 55
34 69
51 30
50 33
36 38
30 42
40 36
34 33
53 44
43 64
61 65
32 61
39 64
64 58
34 47
36 47
63 63
69 59
