100 1000 1582
49 46
30 57
57 61
38 66
69 59
48 42
52 36
39 70
48 68
53 43
50 39
45 63
53 35
58 58
34 60
70 50
40 35
50 38
37 41
65 48
70 57
61 35
32 33
50 70
51 65
52 32
63 47
66 47
45 40
53 32
33 50
51 61
43 59
37 69
66 54
40 70
44 47
51 64
48 55
65 32
67 37
31 56
43 57
36 42
31 66
32 50
36 37
70 59
54 52
53 65
63 51
53 60
55 57
51 33
69 40
49 66
53 54
30 37
61 31
68 56
52 58
42 56
42 49
31 52
36 61
70 30
66 39
45 46
56 60
69 39
43 58
70 68
68 44
52 54
67 46
53 64
42 49
68 55
68 59
38 40
55 59
49 70
41 61
66 57
45 34
43 69
51 39
52 52
47 46
33 42
34 50
34 51
46 46
32 52
34 45
50 35
67 47
32 61
45 45
47 47
