100 1000 1618
65 59
65 42
66 62
51 36
37 57
56 45
66 44
41 53
50 46
59 51
39 39
32 62
51 64
59 52
60 53
41 66
38 31
63 44
53 55
52 41
59 50
59 58
65 61
61 58
41 63
58 47
51 70
50 33
69 63
39 36
39 37
58 46
62 61
54 52
45 56
65 45
33 52
37 63
66 49
36 64
38 69
42 64
57 31
40 38
58 37
32 53
61 55
47 36
34 37
59 63
43 32
40 58
59 55
33 57
34 33
41 35
67 53
57 51
34 55
31 46
57 67
60 45
68 53
47 33
57 61
49 66
45 61
35 59
62 58
59 56
34 66
55 35
44 57
63 52
38 66
60 60
40 30
39 65
31 36
36 32
49 48
50 43
48 31
41 50
38 70
37 70
48 58
64 68
68 50
49 39
57 40
38 55
53 35
53 39
44 67
37 61
34 55
53 70
38 51
45 40
