100 1000 1528
61 35
66 46
34 58
55 53
69 63
49 34
63 46
36 40
59 45
32 57
57 42
56 62
65 44
62 41
40 61
61 70
59 66
67 57
66 46
41 39
39 38
49 41
31 63
65 57
46 57
67 38
55 60
44 55
43 60
58 56
64 45
40 70
30 70
56 43
70 56
56 48
42 68
36 30
40 33
61 64
48 58
66 33
49 43
49 61
70 30
59 68
40 36
47 40
34 66
64 68
65 45
69 63
40 48
69 36
43 55
32 58
36 67
68 70
48 57
42 45
33 55
60 30
48 40
62 30
66 38
47 66
67 54
64 35
43 51
63 45
31 49
51 57
60 53
49 42
31 34
33 55
60 36
48 39
68 69
43 37
62 52
50 46
53 33
33 50
48 32
51 70
67 53
50 66
45 53
37 47
52 65
49 56
62 68
50 31
61 40
48 62
35 57
62 39
38 41
57 33
