100 1000 1483
34 64
56 38
58 50
60 46
66 46
42 65
63 49
68 51
30 43
45 43
32 50
60 32
46 69
60 58
51 53
58 68
67 70
50 48
42 57
48 48
64 58
55 44
67 70
58 58
42 60
50 55
54 41
64 70
37 62
52 57
60 46
61 70
57 52
62 42
32 40
41 52
46 69
65 40
67 43
34 31
31 46
39 33
49 51
41 42
48 43
46 59
40 65
55 63
63 45
40 54
55 33
48 41
51 44
52 58
51 61
69 33
46 68
53 49
37 39
35 66
36 34
32 61
53 53
59 36
55 48
33 37
66 68
66 61
47 45
68 52
40 47
53 62
61 55
67 35
41 33
66 43
40 58
61 47
44 50
55 51
56 37
63 52
65 38
54 36
31 47
34 57
45 41
46 42
37 61
39 40
50 58
65 37
60 67
69 67
51 42
48 33
55 34
53 66
36 60
49 34
