100 1000 1567
66 38
31 40
40 35
48 41
56 31
57 70
32 70
32 42
57 46
66 56
67 67
46 62
43 60
48 60
65 43
55 53
56 51
66 48
36 32
67 55
48 55
70 48
33 38
64 57
36 59
56 44
63 32
32 52
34 68
52 46
55 69
68 54
32 35
33 41
30 62
38 37
56 59
70 55
32 36
35 53
31 34
56 60
67 67
45 68
69 40
47 52
51 49
42 48
45 32
39 37
46 51
55 40
44 34
70 31
41 54
47 58
40 51
66 59
31 61
48 56
32 64
36 59
62 31
61 54
47 66
31 52
57 61
60 49
66 51
56 47
66 66
62 46
31 51
42 54
57 47
31 50
59 69
34 46
34 35
44 59
41 30
46 36
60 57
38 70
67 52
60 61
52 31
47 61
41 68
53 36
53 38
65 64
34 64
37 42
56 45
66 60
69 34
56 31
32 33
60 67
