100 1000 1597
55 34
41 47
52 56
57 52
44 40
48 33
57 59
61 61
42 66
65 48
38 32
51 45
59 63
52 56
53 64
43 61
55 59
38 61
51 33
58 56
64 41
54 67
37 55
44 40
68 46
31 57
46 65
32 32
65 48
61 55
44 46
49 40
48 61
37 47
48 41
57 33
44 46
38 59
35 54
47 70
43 70
59 50
38 58
35 68
35 62
30 60
56 50
41 66
35 43
40 36
63 55
47 34
51 53
35 61
49 68
43 42
40 38
63 56
68 43
49 48
66 40
39 35
37 34
54 43
40 64
63 35
41 70
51 46
45 66
53 67
46 70
62 62
61 36
53 67
58 38
60 67
34 35
49 35
56 37
69 32
42 50
44 47
69 61
60 30
46 55
50 37
40 36
31 36
35 64
68 36
39 50
55 50
43 41
53 44
49 68
39 67
59 43
45 58
32 61
42 37
