100 1000 1574
69 60
64 50
39 37
46 42
66 67
63 49
45 66
61 54
43 49
51 56
32 58
34 47
67 49
59 63
38 42
55 65
59 33
44 56
35 49
52 44
60 49
53 36
65 41
60 30
38 67
64 51
56 64
40 39
62 45
39 58
53 34
36 30
35 44
45 34
36 50
51 69
45 46
56 48
45 59
66 61
46 41
64 62
47 52
30 67
35 58
52 38
66 32
61 57
37 44
37 58
37 56
52 64
32 48
47 67
54 45
39 47
43 53
63 47
41 51
68 70
49 58
68 69
70 40
51 41
69 69
33 36
35 44
53 43
46 31
54 41
32 64
58 50
30 37
51 49
32 38
32 55
57 46
32 55
38 61
53 62
35 30
32 36
41 59
32 53
70 64
62 56
32 61
69 41
41 53
54 64
62 41
54 60
41 46
32 59
35 49
58 44
30 67
50 61
32 43
44 30
