100 1000 1520
61 39
33 59
32 38
37 53
63 41
54 47
54 47
50 36
48 64
54 65
50 37
47 63
46 46
56 54
65 46
47 52
31 45
50 37
50 62
62 50
65 42
34 63
39 50
36 69
40 67
44 41
39 33
58 30
58 61
43 46
54 68
42 50
64 32
58 70
47 58
37 55
53 41
58 30
60 42
37 37
34 32
39 50
55 41
59 31
64 68
68 47
62 65
56 46
64 40
62 41
69 60
54 54
41 56
37 42
42 70
69 45
61 69
45 59
37 33
33 47
45 50
58 48
49 59
69 58
68 54
61 35
36 35
62 32
35 56
41 48
36 63
60 59
49 68
70 51
37 49
48 38
61 38
63 67
48 58
62 36
58 54
43 45
59 45
47 53
44 34
33 48
61 50
41 61
54 62
31 60
54 32
67 63
65 30
56 62
61 45
36 65
44 45
30 51
33 40
31 58
