100 1000 1574
68 68
48 36
65 31
68 52
43 69
59 32
47 30
45 61
68 46
43 33
36 65
50 39
45 45
57 63
57 41
43 36
35 52
49 52
67 64
70 50
68 67
70 49
34 43
53 44
51 31
55 42
44 60
44 44
41 62
33 30
44 32
31 66
39 32
39 36
59 58
62 36
55 34
44 51
56 33
56 54
44 59
53 68
42 64
58 44
49 64
68 38
32 57
66 50
64 51
31 41
69 50
33 60
69 63
58 50
55 69
47 70
62 36
47 32
46 55
59 44
46 32
34 36
39 70
69 39
65 54
43 31
34 54
43 68
67 44
59 64
49 33
38 34
31 64
36 38
57 62
33 63
33 43
68 62
49 35
47 63
38 61
58 61
37 53
62 35
40 42
30 50
54 49
69 52
52 38
51 46
50 41
56 49
33 61
64 40
33 35
35 51
70 53
48 55
40 60
42 49
