100 1000 1449
35 64
44 61
64 57
67 57
30 70
50 62
51 67
37 38
34 31
52 57
38 59
53 34
52 34
63 52
50 48
37 57
54 49
41 34
38 61
45 44
62 56
48 31
50 35
38 45
66 44
63 59
41 45
66 34
60 70
69 66
70 48
41 39
69 69
43 46
38 67
36 30
65 55
49 67
63 57
57 69
40 47
56 58
61 40
66 33
61 36
51 51
47 33
66 69
69 67
47 61
55 50
37 51
59 47
51 33
36 42
59 61
66 37
67 53
50 58
69 33
57 38
31 37
57 42
68 64
31 35
55 47
64 42
67 64
58 55
34 45
49 70
47 46
51 33
42 64
53 49
41 61
57 70
43 51
60 39
70 67
33 35
50 49
53 45
51 44
34 67
68 43
53 45
51 61
40 69
68 42
68 36
61 66
37 52
47 35
47 36
53 45
58 32
49 50
57 61
64 57
