100 1000 1584
44 48
52 54
38 64
37 35
69 62
31 48
36 57
69 39
50 68
54 67
32 58
40 64
53 67
53 70
44 55
53 57
46 66
36 60
36 44
57 67
35 53
51 53
56 61
40 52
38 52
51 64
39 68
39 68
37 50
45 44
43 55
41 47
66 68
66 40
48 70
53 61
44 46
41 65
61 60
65 57
33 68
34 34
42 47
65 48
34 60
67 44
49 63
64 68
42 35
56 57
49 69
41 56
67 36
38 51
63 48
51 58
40 57
35 31
46 66
33 43
44 33
69 66
42 50
44 62
62 48
40 63
37 51
55 33
60 65
63 67
35 55
38 40
38 56
40 45
31 32
58 58
62 39
69 65
45 63
52 63
37 65
35 64
50 49
35 44
59 36
37 48
45 41
53 39
33 34
34 57
52 45
34 32
42 34
52 43
70 62
34 38
40 52
70 31
57 38
50 30
