100 1000 1586
36 56
64 52
62 40
48 59
30 57
38 56
40 42
53 63
34 41
38 52
55 61
68 57
63 41
41 66
52 33
37 60
39 35
67 44
41 48
39 36
65 58
44 52
57 55
60 58
67 70
34 42
30 56
66 30
67 37
58 66
43 63
37 62
38 54
43 59
69 51
52 66
66 33
30 61
40 69
56 45
62 30
61 32
39 56
68 46
56 67
45 67
38 41
45 69
67 65
67 64
67 65
52 49
64 41
36 66
34 52
51 34
35 64
62 39
46 42
70 53
65 64
44 64
30 49
32 36
40 31
30 51
61 61
66 48
63 41
31 58
43 49
59 33
41 31
53 53
48 32
45 30
59 42
37 51
48 37
47 69
65 39
45 34
48 53
51 52
55 70
70 38
43 47
44 40
69 43
31 43
60 36
38 54
52 60
52 49
51 68
30 52
39 52
70 67
68 36
36 32
