100 1000 1389
51 69
42 33
36 33
63 58
70 44
68 53
62 61
51 68
59 41
36 68
67 38
45 33
45 63
31 54
60 54
50 49
66 52
66 67
34 38
56 53
58 64
64 31
50 51
46 53
48 34
31 61
34 42
47 49
44 42
60 33
58 47
43 57
62 64
68 33
36 35
50 68
51 34
69 68
62 34
62 56
47 44
34 66
33 42
62 70
69 53
70 46
68 37
59 58
34 41
34 48
66 31
54 34
40 65
52 34
47 41
33 31
69 41
65 65
59 47
47 37
46 47
41 37
48 56
62 40
32 51
30 30
69 57
38 36
39 43
65 66
33 49
49 36
45 45
64 42
64 53
36 53
53 60
63 53
61 49
64 60
59 61
42 41
67 67
66 49
55 51
43 52
66 53
63 37
61 53
65 41
59 59
37 34
40 52
52 61
44 46
55 62
36 43
68 60
70 54
49 68
