100 1000 1679
34 30
30 68
42 61
61 63
37 68
34 69
37 63
66 32
39 41
31 35
54 65
47 56
30 61
37 37
32 45
48 40
50 62
39 43
37 33
57 61
59 36
64 31
61 67
58 33
42 44
67 64
51 50
51 38
61 32
40 53
38 53
41 60
58 64
59 33
56 66
48 53
55 37
59 45
59 38
62 33
50 54
37 32
40 43
61 38
59 66
65 70
35 42
61 53
57 31
37 47
32 66
42 63
33 56
48 65
49 51
53 31
40 69
57 50
43 58
38 62
46 70
55 68
64 66
36 34
31 66
65 46
64 45
66 62
39 69
44 33
36 64
67 56
31 41
66 60
35 52
44 32
41 68
54 52
63 48
59 31
43 58
60 38
40 32
47 33
65 63
49 53
66 54
64 48
49 70
68 60
48 33
37 67
58 69
57 54
33 64
52 56
62 30
41 60
30 43
31 64
