100 1000 1671
67 55
55 39
52 42
42 58
63 33
36 59
40 58
60 58
49 62
49 31
43 51
40 66
60 69
35 50
49 64
69 51
40 32
46 64
39 69
60 39
67 61
47 51
54 35
58 60
31 56
46 37
66 55
46 53
46 64
48 37
45 49
41 67
56 56
44 37
30 68
45 69
44 70
38 43
60 66
47 50
48 30
49 39
33 70
48 50
35 44
38 69
51 42
61 57
36 63
46 38
62 47
47 59
70 61
62 65
48 54
33 52
54 70
58 63
30 69
52 52
62 41
30 36
70 35
35 64
32 59
60 58
41 41
36 53
59 64
43 36
67 38
70 54
67 48
32 49
49 59
62 50
40 52
42 56
69 37
51 38
37 45
49 42
46 54
50 42
43 34
56 30
66 33
60 68
68 43
43 63
36 70
39 50
45 47
46 44
38 46
40 67
48 64
54 65
39 54
31 69
