100 1000 1505
52 59
41 48
49 37
66 40
43 38
41 32
40 64
47 40
47 34
58 56
59 54
53 30
60 69
43 70
38 55
35 32
69 43
66 42
61 60
68 42
56 70
54 57
40 51
63 49
52 60
70 58
52 46
37 51
37 40
49 56
62 70
40 59
59 30
59 34
51 45
43 62
58 57
48 43
45 63
47 59
60 44
70 53
59 37
37 63
30 45
39 59
33 62
38 35
63 34
31 53
66 60
51 45
46 45
61 70
64 38
33 33
68 37
38 33
54 57
41 60
48 48
35 36
48 43
57 35
66 69
33 52
59 36
60 62
52 54
39 68
54 43
59 70
61 60
32 60
35 45
53 47
68 42
56 53
41 40
41 51
52 49
45 37
69 70
31 48
32 49
43 32
52 30
62 66
42 33
33 49
64 37
65 45
57 51
46 49
39 70
43 61
58 67
46 36
65 33
45 65
