100 1000 1416
60 39
70 57
46 50
61 41
30 39
56 45
36 55
64 50
34 54
49 69
45 37
45 35
44 40
59 61
69 59
59 31
64 56
49 46
50 57
66 33
59 56
47 39
45 52
53 49
50 36
37 63
40 54
62 30
67 44
59 36
54 66
68 51
46 40
58 37
55 30
58 44
52 61
32 41
45 45
44 54
56 59
60 51
34 31
63 35
48 66
69 70
55 55
56 64
32 64
41 30
51 60
63 34
53 69
53 62
45 36
36 69
55 65
61 30
66 34
64 60
43 41
68 51
42 34
53 31
57 47
35 31
55 49
52 38
32 43
47 34
64 49
54 57
45 69
59 62
66 43
55 51
36 35
52 44
49 48
66 30
52 67
58 35
56 36
44 62
45 38
50 48
51 47
54 58
45 52
55 55
58 33
40 43
33 50
46 48
40 64
61 30
44 36
45 30
32 68
32 32
