100 1000 1476
61 68
47 50
64 36
39 59
56 61
57 69
34 39
57 41
36 37
38 30
35 43
34 38
59 68
70 61
38 61
33 30
65 45
44 40
39 67
68 65
54 68
68 49
42 47
54 56
34 67
67 30
65 47
36 49
57 42
36 45
44 54
57 52
38 43
47 35
45 58
68 30
70 56
44 55
64 62
69 54
46 63
61 63
61 33
49 68
54 58
38 36
56 45
65 66
49 33
34 55
64 61
49 60
44 41
44 33
61 30
64 60
43 56
35 43
37 59
54 31
33 62
62 68
68 36
51 47
55 50
60 33
60 43
64 37
48 62
58 47
31 60
56 35
48 43
66 30
30 58
47 68
39 41
32 44
66 67
34 42
58 31
49 46
65 57
47 52
39 36
36 59
48 47
55 42
60 56
59 53
42 50
40 46
52 51
57 47
32 46
61 40
63 38
34 63
46 45
57 47
