100 1000 1513
48 67
48 48
70 39
36 38
62 66
66 57
34 48
32 52
56 45
62 35
58 69
48 38
67 63
52 42
31 64
54 68
34 66
39 31
63 49
39 42
51 58
41 49
52 69
55 41
56 54
40 50
33 65
32 32
44 36
41 44
31 54
70 32
55 40
61 30
61 67
68 56
47 38
59 52
64 52
31 45
62 32
53 69
63 62
32 48
63 57
33 59
61 61
53 54
32 43
33 44
47 31
40 53
32 57
54 36
66 65
54 37
58 33
47 60
39 31
63 44
60 54
54 32
40 69
55 58
42 69
40 41
36 60
42 37
47 61
35 32
56 52
38 65
42 56
54 38
59 46
62 61
36 34
41 46
70 41
70 43
42 40
47 66
63 64
48 70
59 64
50 45
63 61
47 61
69 43
39 36
62 50
54 32
67 56
63 36
42 37
59 57
38 39
60 50
54 44
56 69
