100 1000 1667
45 54
40 70
30 66
68 63
33 51
51 34
67 38
63 63
45 54
38 53
48 45
35 67
39 46
38 65
47 52
59 58
32 51
53 46
46 63
30 48
67 55
44 38
44 58
41 69
47 65
53 59
31 33
54 53
67 55
49 48
68 45
51 62
44 52
45 62
70 49
67 51
52 56
46 61
69 68
63 32
55 55
60 60
35 48
62 58
61 37
66 39
35 68
63 33
56 48
39 37
39 54
54 34
51 54
44 52
56 30
50 32
45 52
48 68
62 60
51 47
59 31
36 70
53 37
31 67
34 62
69 40
47 42
33 64
46 67
46 42
66 57
40 50
49 51
53 62
44 69
52 68
39 55
34 64
55 67
63 45
50 40
45 34
37 47
42 31
32 67
60 57
38 61
46 35
65 65
63 31
59 59
39 57
33 59
32 32
41 47
65 56
44 68
33 37
46 65
53 33
