100 1000 1551
30 39
44 34
33 38
34 64
60 51
66 70
41 46
32 54
56 62
48 35
64 41
46 69
58 66
38 46
58 32
48 48
51 51
41 56
40 58
64 47
49 51
49 33
68 48
33 38
43 56
45 47
35 54
56 49
54 67
50 39
56 36
36 40
43 41
63 62
58 56
42 49
36 46
32 31
69 69
30 66
57 54
67 51
60 70
53 37
38 34
56 69
54 50
67 38
52 43
39 33
53 70
58 68
57 57
39 65
54 45
47 36
35 61
63 53
48 47
63 43
39 48
53 67
42 69
68 65
41 36
51 48
37 64
56 37
52 66
55 52
52 51
32 62
64 52
64 47
34 48
70 51
53 60
41 50
49 69
37 62
34 58
31 34
51 51
46 42
58 69
39 48
69 55
53 42
45 38
64 57
30 60
58 56
34 46
55 64
49 56
52 31
30 64
33 49
70 61
42 35
