100 1000 1526
60 66
43 64
56 56
44 31
52 43
58 44
55 45
56 33
39 40
33 40
67 31
63 58
44 44
59 55
66 65
36 34
37 58
59 39
48 36
57 56
57 41
40 66
38 49
70 49
64 42
54 57
34 70
49 68
46 54
65 65
61 56
62 44
55 38
63 49
51 49
66 44
48 62
31 30
33 60
32 42
32 54
40 42
64 50
68 39
70 41
65 67
69 65
30 35
67 48
46 42
60 43
48 66
31 53
54 44
44 69
53 39
55 48
39 45
45 61
68 32
39 48
68 47
55 49
46 41
65 52
57 57
54 48
53 30
57 49
52 56
55 36
40 31
52 59
35 42
70 43
34 54
53 66
36 44
42 36
56 51
39 58
30 60
52 48
50 33
67 58
40 38
37 53
36 38
36 57
30 63
45 64
60 34
49 52
33 66
47 58
52 43
44 61
63 64
33 39
34 46
