100 1000 1487
58 30
32 32
37 36
47 61
55 44
35 31
33 42
54 69
65 56
68 60
42 36
46 50
70 45
66 70
59 45
45 48
35 54
44 51
64 46
70 34
36 48
60 36
30 45
50 64
69 53
42 70
65 50
47 43
30 44
42 31
44 66
63 60
47 33
41 42
43 38
61 51
67 54
54 67
53 49
45 48
52 62
42 69
42 33
68 38
59 49
32 40
41 41
51 39
39 35
32 49
62 32
57 63
40 45
39 57
69 56
70 51
64 48
45 41
64 62
48 59
50 51
62 69
49 56
54 59
31 59
52 65
46 32
62 59
37 67
59 64
49 53
58 40
34 30
39 60
31 32
47 54
39 34
69 68
32 42
50 53
52 54
37 69
34 35
56 66
33 61
57 39
56 40
41 46
61 32
63 30
40 54
32 62
52 60
63 44
56 53
49 67
64 38
39 67
64 48
63 53
