100 1000 1529
40 36
56 52
36 58
35 56
57 58
43 52
55 36
70 47
64 34
43 45
61 34
35 53
33 62
69 30
59 64
39 51
52 34
38 47
38 60
39 68
42 54
33 70
58 53
49 60
52 34
34 41
51 59
39 30
43 50
68 57
47 53
51 30
42 41
55 66
30 37
44 48
43 70
56 30
57 66
68 61
37 49
52 51
42 60
54 69
30 45
49 40
36 62
55 47
34 38
44 50
54 61
35 55
64 32
38 47
57 47
34 45
66 51
62 61
60 55
66 40
62 58
30 35
65 50
54 42
58 66
52 70
30 32
52 56
32 65
37 54
49 65
54 57
55 46
69 54
63 63
56 54
46 54
61 54
45 57
43 54
45 53
54 51
64 60
60 31
65 53
49 49
35 69
68 65
36 63
36 47
52 40
64 30
44 56
50 31
58 50
35 32
58 50
54 44
42 43
32 47
