100 1000 1555
59 51
43 43
33 51
67 64
31 50
42 44
41 56
38 56
68 33
35 64
63 53
51 65
55 47
47 66
48 33
65 32
36 48
42 43
49 30
30 47
45 67
38 36
38 64
33 68
42 41
54 68
57 69
61 53
50 50
57 38
66 69
50 69
30 46
48 48
51 41
49 62
34 36
40 70
36 56
69 45
59 62
34 38
65 56
66 47
46 65
68 52
34 50
54 40
63 34
49 61
46 62
58 48
32 33
57 64
30 62
64 57
34 30
69 61
62 55
52 37
43 36
60 47
36 42
40 53
61 47
49 70
63 40
30 43
62 46
50 62
43 33
67 52
52 49
34 66
70 31
55 66
45 36
42 68
32 31
50 51
30 42
30 45
43 33
50 33
39 39
53 34
33 33
34 46
36 59
31 40
40 39
36 54
48 52
58 60
64 38
64 36
41 45
59 49
67 34
43 36
