100 1000 1657
34 41
39 42
43 31
34 44
64 33
41 39
58 40
36 61
44 70
54 60
44 64
57 33
68 46
41 38
55 70
63 52
35 31
64 66
57 61
47 69
70 36
48 58
44 63
59 39
56 42
44 51
34 64
51 37
66 51
46 65
32 32
49 47
33 36
36 62
50 51
68 42
46 37
44 36
36 67
32 41
50 45
63 65
30 44
63 37
48 60
45 60
52 41
70 57
52 54
30 68
39 69
44 41
58 30
69 48
44 55
45 62
41 44
69 43
58 34
70 35
55 60
37 55
66 58
50 37
57 61
47 33
68 59
64 51
58 66
35 61
43 38
60 41
64 51
33 59
42 51
40 68
36 70
58 38
55 65
64 46
60 70
53 40
57 58
31 56
48 70
36 64
70 63
31 61
50 68
58 50
45 33
50 43
32 69
48 64
36 55
65 62
38 46
70 59
31 61
56 55
