100 1000 1570
54 40
67 65
58 30
34 33
64 52
54 49
66 36
34 69
53 70
53 62
60 62
57 30
41 36
47 63
31 41
67 36
46 48
64 45
59 61
44 34
43 69
64 68
64 37
44 40
51 46
33 64
51 62
67 50
53 52
70 30
32 69
49 30
31 59
66 66
44 62
43 52
47 56
52 39
37 57
70 61
61 66
30 32
50 59
39 68
50 45
64 34
52 39
62 34
32 63
58 44
60 51
36 54
58 30
53 37
36 62
44 61
67 50
68 65
40 36
41 69
41 69
36 49
41 35
68 32
44 31
49 68
43 49
49 68
36 54
45 65
57 55
38 52
47 34
53 45
58 62
42 35
36 33
34 32
67 36
54 37
47 64
31 45
67 60
35 38
52 32
56 70
41 46
45 58
55 60
56 53
69 42
65 59
35 32
57 41
68 46
48 36
37 68
70 68
53 69
60 67
