100 1000 1453
65 49
47 53
39 38
51 31
49 37
70 69
68 36
66 41
58 61
66 38
69 32
37 37
31 55
30 54
44 53
51 53
48 39
40 63
47 42
51 35
62 55
69 39
35 41
33 50
54 69
69 43
69 44
49 50
63 69
40 55
57 55
68 59
46 66
39 30
41 35
35 50
61 66
36 44
34 66
48 57
32 36
57 70
38 48
52 36
52 39
60 48
51 41
44 70
70 39
70 69
63 42
64 61
55 46
37 69
47 56
38 57
31 43
69 41
53 45
55 53
63 35
59 59
38 30
58 53
51 49
45 64
32 38
61 58
57 62
52 32
65 64
48 63
31 45
67 47
57 45
40 48
58 68
41 50
70 66
49 35
66 55
70 45
45 41
61 36
64 57
70 31
48 50
61 58
59 50
41 62
41 48
42 31
46 63
39 67
42 59
35 39
63 68
50 40
67 52
50 34
