100 1000 1548
39 33
43 33
31 62
65 58
65 62
56 67
42 36
43 33
33 61
68 45
62 41
43 48
70 64
40 38
41 35
56 70
34 53
63 36
36 38
59 67
60 40
46 39
31 68
43 68
51 33
64 44
44 39
54 40
69 39
41 30
67 56
40 57
66 66
57 36
50 43
41 69
54 69
62 61
44 31
69 32
33 63
56 63
65 42
34 51
61 38
54 33
43 41
31 67
44 30
67 54
57 40
40 31
36 31
42 45
52 49
59 44
56 38
66 69
65 32
58 34
30 67
54 51
59 45
53 33
50 32
68 61
54 50
50 51
63 51
64 34
44 50
68 62
62 44
55 45
43 54
34 64
61 47
57 39
33 52
63 40
33 56
37 67
49 57
54 45
69 51
44 32
36 45
69 43
39 61
59 58
36 65
55 34
68 56
58 31
53 31
52 49
54 51
34 49
59 43
63 51
