100 1000 1594
63 62
40 70
40 45
31 57
52 70
51 61
65 59
63 53
61 45
39 35
30 53
68 35
33 56
64 39
48 46
36 54
37 51
56 56
37 68
34 51
30 48
44 38
37 46
48 52
65 64
60 64
66 55
64 45
36 47
70 38
44 56
40 37
38 41
65 64
51 55
36 48
42 56
66 39
40 44
43 35
42 68
37 41
32 37
53 44
55 49
36 53
56 39
37 49
40 30
49 50
32 47
37 60
38 45
47 57
63 34
50 35
36 69
37 60
30 54
66 53
41 68
35 33
56 32
59 49
42 38
64 49
40 38
39 38
50 65
52 35
55 62
45 59
30 64
49 68
65 34
47 56
57 68
37 59
54 35
65 30
34 39
45 46
41 67
49 51
54 62
58 50
62 38
56 55
61 39
43 56
44 54
40 30
39 34
59 64
35 67
60 56
70 58
31 48
40 32
38 40
