100 1000 1566
64 55
33 36
39 32
65 40
38 65
43 63
67 61
31 41
56 39
60 55
53 62
57 50
35 38
63 49
59 54
50 60
47 41
36 33
47 65
44 37
51 55
41 46
32 56
49 64
60 44
56 52
36 52
58 46
35 63
43 39
44 62
30 41
65 40
56 41
41 50
67 43
42 64
46 70
55 34
34 48
38 43
63 43
67 31
56 53
39 54
64 64
61 34
47 68
35 70
53 58
41 55
42 53
62 46
59 34
50 52
44 50
56 59
49 59
45 69
51 30
36 57
65 42
62 43
59 58
62 69
39 59
36 66
59 64
55 56
56 61
50 59
60 52
62 57
38 60
48 59
34 60
41 48
56 38
49 67
66 46
59 69
61 60
49 53
54 50
55 30
53 43
61 35
68 36
34 60
49 40
56 31
43 31
43 59
37 51
48 56
52 40
35 68
49 67
69 66
33 61
