100 1000 1507
49 33
44 54
57 42
43 55
70 54
61 64
34 35
66 61
45 69
60 32
57 51
35 53
65 67
44 31
40 55
65 59
33 64
30 39
41 51
56 32
39 62
42 30
46 43
55 37
56 67
32 45
43 61
55 62
32 33
50 67
47 41
53 55
34 52
37 41
59 53
32 60
54 36
57 65
59 48
68 47
36 63
35 51
53 68
55 59
34 51
61 31
59 34
67 48
66 47
44 54
48 42
49 34
34 45
59 55
49 43
41 44
60 48
55 42
57 49
65 33
42 61
51 49
47 53
38 58
38 34
66 64
37 33
62 62
34 35
53 47
39 45
31 32
50 63
36 50
48 51
37 59
67 70
48 57
67 50
66 44
42 62
62 69
38 65
65 52
66 60
59 58
39 33
57 43
67 50
59 40
38 67
60 50
55 43
65 35
32 65
47 40
62 60
45 30
57 36
46 60
