100 1000 1553
35 47
56 59
56 46
63 53
37 55
35 59
39 68
68 63
37 45
38 60
55 63
67 31
41 49
63 44
68 55
69 68
70 31
62 53
45 69
67 40
66 38
54 60
53 38
51 62
51 47
53 32
59 41
35 59
46 63
41 36
35 51
65 42
52 69
54 50
33 52
59 38
40 42
59 47
40 31
56 52
59 51
59 43
69 49
60 39
33 47
37 30
45 38
33 51
38 61
30 37
52 50
40 49
46 64
46 40
51 30
65 46
34 58
35 46
66 64
67 57
60 42
31 53
36 47
31 52
42 51
33 53
34 55
39 33
69 59
34 31
41 47
62 59
65 66
70 44
38 64
45 62
45 47
41 44
35 64
62 48
63 63
69 31
57 65
64 56
38 30
63 49
44 65
52 45
47 35
62 37
35 47
59 63
49 57
63 33
43 70
52 48
64 38
41 44
55 68
31 57
