100 1000 1577
70 41
55 67
38 53
52 44
42 46
61 44
57 44
48 66
56 61
35 41
68 37
35 62
32 56
60 33
48 56
33 32
63 41
41 54
51 40
32 62
39 32
45 33
42 30
58 42
44 66
64 60
52 57
36 60
43 52
69 52
56 47
33 65
57 55
32 52
61 34
58 36
39 52
34 54
33 40
59 69
31 46
44 63
52 31
58 31
62 35
55 34
64 45
34 33
61 53
70 36
32 66
33 42
40 50
49 42
67 60
37 43
62 51
37 49
31 32
30 59
36 60
50 38
34 49
70 41
62 42
50 42
60 66
67 30
52 68
67 41
59 35
46 30
33 31
47 69
59 40
45 35
36 68
55 69
42 56
67 69
65 43
54 62
33 36
57 43
35 34
41 31
31 55
49 37
45 30
47 66
69 64
41 62
51 67
65 41
47 44
45 56
53 35
38 50
30 57
47 50
