100 1000 1606
47 61
57 34
59 31
69 57
38 60
45 50
64 40
31 53
44 30
50 50
67 42
64 47
34 55
53 30
68 67
59 66
46 39
66 34
70 64
35 68
57 68
66 33
54 52
41 49
54 67
34 62
36 66
44 52
43 44
31 60
69 42
65 34
34 44
34 64
62 43
30 59
34 43
33 53
39 36
55 56
64 62
36 44
34 32
40 50
69 50
49 67
69 44
62 46
50 52
43 64
53 62
61 36
53 47
47 54
51 53
36 60
44 64
63 68
67 48
39 52
44 37
45 45
52 63
54 63
45 41
65 70
36 64
43 36
50 52
36 63
55 66
34 41
69 70
70 36
35 39
48 50
49 57
33 55
46 67
54 45
47 34
63 70
42 53
70 33
34 38
31 36
58 67
53 52
53 37
39 69
30 69
61 40
43 52
67 63
33 45
32 56
66 30
45 47
41 45
53 34
