100 1000 1610
35 56
41 38
68 38
33 40
39 39
32 31
36 47
56 69
50 50
47 55
55 38
43 54
65 55
64 60
48 48
48 39
69 49
47 68
31 48
41 62
47 37
31 39
51 65
50 31
35 37
31 61
38 40
42 46
45 55
31 64
36 67
69 33
57 40
32 40
31 61
30 34
53 50
54 61
37 55
32 32
69 41
41 40
33 70
68 63
40 48
46 64
38 70
60 34
54 40
58 33
39 57
30 62
58 35
51 47
31 35
38 55
38 64
51 39
38 57
67 50
48 33
70 54
61 36
55 45
40 60
54 67
59 42
47 40
62 46
56 58
34 41
33 45
58 33
65 59
65 45
52 66
48 43
67 57
66 40
37 69
56 62
55 59
60 38
51 44
44 48
35 40
41 38
46 52
68 39
35 64
35 58
39 34
45 70
50 63
60 59
62 48
61 41
52 45
31 47
59 61
