100 1000 1582
34 40
55 63
61 44
45 33
47 52
60 49
62 63
50 55
34 57
42 56
50 44
59 38
30 46
56 44
67 58
51 34
56 65
42 38
64 48
34 47
46 43
69 59
69 70
31 55
57 41
36 65
62 32
69 34
58 68
70 65
63 69
63 34
33 55
64 46
37 45
69 45
44 33
33 52
68 54
56 68
68 64
70 35
40 59
62 62
65 30
39 52
40 32
43 57
62 64
33 53
51 68
64 44
30 34
34 64
69 47
34 51
57 39
56 52
38 70
63 67
70 64
51 69
48 34
56 39
32 58
40 65
37 48
64 48
63 64
51 54
34 36
37 67
44 34
57 46
48 41
31 30
65 49
65 65
65 43
62 52
59 68
57 36
60 70
65 61
32 50
38 51
31 69
40 53
30 67
39 67
70 59
42 38
63 57
56 51
42 44
32 42
66 67
33 37
41 49
43 59
