100 1000 1568
57 55
31 45
56 70
68 41
55 49
49 34
65 33
61 43
58 34
45 62
30 69
52 33
50 30
69 32
65 65
41 56
46 47
50 56
31 54
31 53
32 64
70 70
55 33
68 55
39 62
51 40
52 30
58 33
64 46
65 56
69 69
66 55
68 33
34 68
34 51
34 53
52 47
60 44
66 44
42 67
62 36
62 39
35 32
55 52
30 66
68 51
33 31
60 52
57 65
31 37
65 42
53 46
60 37
58 50
45 64
56 34
56 42
32 62
55 48
49 34
55 67
69 69
38 35
31 30
61 41
57 58
57 32
66 49
51 31
34 52
42 65
61 47
46 52
42 36
67 61
54 51
60 38
31 36
51 45
34 44
30 70
34 49
67 64
51 49
66 56
48 52
55 48
36 33
52 54
44 40
43 52
45 67
49 43
49 65
32 39
30 52
65 49
64 59
69 59
52 62
