100 1000 1468
42 58
34 30
44 36
32 38
34 57
47 36
32 56
56 37
39 69
55 67
37 31
65 46
38 33
62 68
68 53
36 31
57 53
62 52
40 64
39 42
64 40
42 62
46 43
45 62
64 54
41 45
60 31
41 52
57 30
43 45
63 47
66 62
52 39
31 38
63 42
57 55
55 48
66 41
30 62
57 40
57 67
36 51
64 68
57 40
33 48
63 35
30 70
65 43
70 32
41 54
50 41
61 42
66 44
52 32
43 30
47 41
70 30
58 31
66 33
45 34
70 40
63 37
54 43
44 33
69 32
52 39
39 43
33 61
44 67
35 48
52 46
61 48
62 51
48 50
57 42
56 58
55 30
58 43
59 49
42 35
57 34
61 52
62 67
58 52
45 33
60 38
66 56
44 69
42 57
67 35
65 64
31 50
46 50
44 35
68 49
63 50
51 37
38 48
43 63
51 37
