100 1000 1521
40 66
42 30
47 32
70 35
64 45
43 48
53 64
58 46
47 60
51 59
54 43
66 42
52 61
39 34
54 43
31 65
69 64
50 64
65 36
33 54
51 69
48 70
40 65
42 42
50 58
46 48
69 44
61 58
34 65
55 64
42 49
47 45
40 39
36 41
57 36
33 33
39 30
61 33
31 32
43 60
37 62
68 58
69 32
43 51
47 55
40 49
64 30
50 60
40 41
56 59
67 51
57 49
54 40
69 48
60 46
47 63
40 44
43 42
70 37
64 53
38 44
40 32
40 37
40 62
63 33
45 46
30 58
39 59
35 46
58 46
59 58
65 62
35 65
33 35
69 41
67 33
52 70
47 39
46 66
70 36
39 54
62 54
52 51
54 67
46 55
41 32
60 63
48 44
70 51
59 64
48 38
48 44
38 35
60 41
31 69
36 61
69 40
31 46
32 38
37 37
