100 1000 1496
52 38
31 43
66 41
52 37
52 50
36 33
58 31
59 51
53 41
38 67
38 38
65 36
61 49
58 61
40 50
63 40
69 34
61 53
42 38
55 53
48 68
65 35
31 46
36 30
47 50
42 55
39 41
34 65
55 70
63 59
63 35
40 51
52 38
31 45
32 35
53 39
37 54
47 69
55 56
58 49
58 51
48 49
37 68
53 61
57 55
58 66
50 42
45 49
45 68
38 37
70 49
68 54
30 42
40 48
30 54
54 64
39 35
40 69
53 48
64 53
54 54
47 53
31 67
50 45
53 48
65 59
64 66
50 62
36 44
33 70
47 45
66 54
62 51
33 46
42 55
46 40
57 66
67 69
32 41
35 31
43 58
47 33
34 55
43 47
50 62
53 53
39 33
30 43
64 49
47 47
61 64
69 55
43 31
59 45
68 42
52 46
38 42
45 33
48 54
64 60
