100 1000 1489
37 54
36 38
50 31
61 46
40 69
35 50
66 66
45 46
60 55
49 56
32 51
55 54
38 42
68 39
66 44
59 38
38 60
68 55
32 49
70 53
58 35
38 54
66 49
70 48
41 31
43 39
62 69
52 70
43 57
46 58
45 42
45 34
43 38
50 70
66 44
61 30
55 55
48 66
46 48
41 46
57 55
56 64
69 54
69 57
33 41
35 33
33 54
64 33
64 41
30 60
32 30
33 47
62 61
55 49
37 51
43 45
55 68
62 41
66 39
32 34
67 35
43 32
47 42
57 57
53 65
50 49
70 52
70 48
55 68
68 45
36 70
59 49
39 64
51 37
38 68
34 37
55 35
49 64
64 48
35 44
52 64
36 31
57 35
47 69
49 69
67 64
66 56
55 44
67 49
67 66
53 49
51 30
57 60
43 54
57 37
40 56
46 30
45 56
49 48
45 68
