100 1000 1590
40 70
62 56
47 31
51 57
36 37
42 61
57 51
48 51
65 37
51 36
64 65
48 55
41 56
34 65
44 45
59 33
34 45
43 39
39 65
32 55
63 57
31 62
50 45
30 47
56 46
55 35
34 44
30 39
46 46
58 59
37 45
33 30
67 49
52 52
53 63
36 55
43 56
55 58
51 36
69 41
32 62
41 67
36 49
30 34
48 64
44 32
47 57
45 33
34 70
60 64
38 56
50 60
69 55
69 54
33 52
65 40
37 67
47 65
44 39
50 38
52 31
35 57
42 65
52 49
70 65
63 62
30 48
31 41
70 61
69 69
49 52
52 61
69 54
36 50
38 38
48 50
37 68
34 47
51 63
43 33
66 56
63 34
65 65
62 48
70 59
56 31
38 44
62 53
45 42
33 43
41 54
57 31
68 53
63 47
58 31
69 40
38 66
49 61
53 68
64 34
