100 1000 1530
36 38
53 60
59 42
37 48
53 61
49 53
38 67
53 42
44 45
47 69
67 46
61 35
41 47
44 36
54 50
36 33
70 31
48 48
32 54
47 62
37 60
44 48
35 40
70 70
65 43
48 61
67 64
66 39
67 63
52 59
59 54
52 47
44 54
30 37
42 52
64 32
61 46
58 50
59 54
70 65
57 37
43 35
67 61
34 63
40 50
35 49
56 44
68 57
48 31
54 40
31 56
44 36
49 32
42 31
39 48
39 46
65 68
49 48
41 65
33 67
36 65
40 34
67 38
69 44
46 62
51 34
55 51
44 47
65 44
64 55
56 62
54 53
60 58
31 52
54 62
66 43
55 59
30 54
41 58
69 35
68 60
31 35
52 62
62 56
35 60
46 33
52 62
52 33
39 34
44 45
54 62
30 57
67 70
45 68
36 62
57 31
60 54
36 59
66 41
60 36
