100 1000 1503
65 44
58 42
70 34
64 39
42 56
57 51
38 54
50 54
57 42
48 42
34 70
61 33
61 31
69 49
36 64
68 30
47 40
31 48
66 53
65 39
58 51
56 48
69 52
33 53
42 51
59 35
55 63
50 57
58 42
52 64
51 65
69 48
35 62
45 51
56 41
35 39
35 39
33 51
41 53
56 54
33 37
43 45
35 39
68 56
34 70
45 56
36 34
49 55
65 53
42 48
64 59
65 70
62 42
70 54
41 53
53 47
64 57
44 43
63 40
68 35
43 41
58 58
57 40
52 50
39 68
60 44
33 55
70 47
37 31
62 40
55 60
65 42
41 70
48 50
52 67
31 51
54 45
44 49
41 54
52 53
56 63
51 52
70 63
42 51
36 35
62 65
38 39
58 40
34 64
52 39
66 49
45 30
40 44
41 53
64 31
44 52
65 37
50 66
36 69
48 65
