100 1000 1565
63 60
35 63
44 45
59 61
53 50
53 39
52 58
51 46
35 47
31 53
37 64
49 66
66 32
39 34
45 60
66 59
42 60
57 50
63 31
48 55
38 43
38 63
40 61
42 41
69 41
40 42
44 59
30 66
37 30
47 68
68 58
61 55
38 58
45 53
37 70
55 60
59 49
46 67
39 32
41 33
64 50
53 57
50 64
46 50
63 69
31 45
47 54
32 37
69 51
35 60
61 39
47 45
39 66
30 43
52 63
51 31
31 30
52 31
34 39
65 37
60 57
61 62
46 49
55 50
47 37
51 52
48 36
32 67
61 37
49 34
65 65
67 66
48 63
47 48
61 69
55 68
67 38
36 44
43 57
35 61
65 56
69 35
68 65
69 38
68 52
60 40
45 62
54 61
34 53
59 58
56 41
41 59
47 66
57 62
56 42
67 55
48 41
51 62
42 67
48 33
