100 1000 1622
55 70
61 56
65 48
65 36
60 52
66 43
64 37
53 62
40 65
32 63
69 50
36 67
31 47
70 53
41 61
52 61
55 32
35 50
31 57
32 46
49 38
58 56
39 65
39 65
54 53
57 43
42 33
60 52
56 49
64 36
66 46
46 50
38 48
41 65
66 59
53 34
58 51
41 44
65 41
70 61
36 50
53 43
67 36
44 62
34 51
69 34
45 67
47 57
33 59
32 69
44 33
65 55
44 32
39 68
49 35
30 34
57 34
48 45
70 51
64 32
63 35
62 35
30 53
47 55
35 66
60 33
39 41
67 32
48 59
30 53
47 30
46 44
38 52
33 39
60 38
42 40
68 69
34 41
32 54
48 45
57 32
39 31
69 48
38 41
30 40
66 62
42 53
33 50
68 36
44 54
55 44
39 49
67 50
57 32
35 68
48 42
50 64
57 44
32 55
58 48
