100 1000 1502
47 62
48 56
40 49
50 54
47 61
60 62
38 39
55 66
39 62
62 70
62 32
30 44
38 61
56 47
34 70
34 46
33 40
68 48
45 52
41 45
49 62
51 59
55 62
46 52
52 64
69 46
46 50
56 33
41 43
57 34
59 47
68 47
61 54
70 68
66 46
50 60
57 69
69 61
40 51
57 49
30 66
64 47
40 41
31 63
32 67
59 59
34 49
32 56
39 38
57 45
59 60
64 63
61 50
52 56
58 39
55 36
53 66
51 35
39 68
47 68
54 59
47 70
33 40
48 43
66 51
67 53
64 65
47 36
55 37
39 34
61 40
30 47
65 54
69 40
53 56
70 60
59 34
55 30
30 42
36 60
52 61
31 31
47 41
57 35
68 54
60 47
55 46
54 46
45 54
41 64
64 47
65 62
39 40
49 63
67 38
43 46
51 44
58 70
70 41
45 48
