100 1000 1509
36 49
30 33
65 32
48 47
65 41
32 47
67 69
47 61
56 45
41 39
43 67
49 43
32 59
61 38
48 45
36 55
58 45
58 34
70 36
52 50
63 45
31 60
44 46
36 51
62 48
52 33
42 46
70 67
44 49
67 67
63 68
65 35
64 37
56 30
35 36
34 68
49 66
67 46
34 67
50 31
66 31
58 60
35 69
38 44
46 32
37 54
65 68
43 44
39 48
69 35
46 51
41 60
36 32
54 48
58 47
66 62
41 51
67 41
33 30
64 64
53 38
46 30
34 60
34 51
40 54
50 67
54 47
35 50
51 61
49 37
55 53
69 58
37 36
54 55
40 52
36 42
44 60
63 60
33 70
37 36
69 51
68 31
32 30
36 52
59 35
53 56
54 64
58 61
45 49
60 58
53 41
37 48
36 42
55 58
40 32
56 40
44 53
61 47
67 57
68 47
