100 1000 1581
33 39
38 34
58 64
64 68
67 35
44 33
66 57
50 32
35 32
36 59
55 70
42 31
35 58
70 41
47 41
57 34
60 49
40 49
43 60
31 62
65 37
39 60
42 65
67 61
45 41
44 43
31 59
67 37
51 50
57 50
70 35
63 59
32 47
31 64
61 34
33 50
53 54
60 48
64 34
56 43
57 67
38 53
67 36
50 40
34 37
66 32
43 36
46 59
70 60
46 38
34 52
47 69
36 64
59 32
49 44
46 54
55 62
70 39
46 59
62 54
46 37
49 43
67 62
40 52
32 55
44 41
47 54
68 34
45 37
41 55
41 57
66 44
51 31
69 34
59 44
63 41
37 51
36 63
57 66
44 55
54 31
69 52
38 34
70 68
64 32
34 64
32 51
63 43
62 34
70 52
31 60
30 58
33 61
57 70
55 65
66 35
40 40
48 32
36 39
54 60
