100 1000 1513
67 51
67 62
62 59
64 40
36 49
65 56
49 61
63 32
45 49
33 52
52 30
54 43
38 39
70 48
56 30
65 64
34 55
53 62
45 69
30 70
62 37
60 30
49 49
68 54
36 42
62 53
51 43
50 37
37 35
57 32
31 68
56 64
59 62
37 64
54 46
55 66
37 37
38 43
39 67
53 54
47 39
62 57
43 38
45 69
66 53
60 68
39 43
63 47
43 42
38 33
42 31
61 44
48 35
68 68
30 60
57 41
41 37
45 65
38 43
59 40
62 43
58 58
41 70
41 70
38 49
37 40
53 64
37 43
65 43
35 30
59 70
34 43
34 35
36 36
64 56
36 43
56 40
67 51
60 58
67 60
37 44
58 70
35 64
69 66
64 42
59 50
60 67
69 51
50 60
30 35
42 60
60 68
45 53
38 45
56 44
32 40
38 61
34 38
54 51
37 58
