100 1000 1619
45 60
48 45
34 31
65 42
69 32
64 39
69 53
59 62
45 35
58 39
59 40
43 53
38 40
65 39
34 64
66 43
62 56
40 69
44 67
34 56
32 45
69 33
42 46
33 50
57 69
70 51
51 57
33 64
55 44
44 32
32 45
46 68
60 63
59 38
33 36
57 70
48 65
30 69
43 47
52 37
36 67
60 55
35 62
53 70
34 58
56 52
63 70
54 44
49 63
59 64
31 56
49 38
35 50
51 47
41 70
51 34
54 69
61 30
34 37
31 68
59 32
55 40
39 53
62 63
68 43
55 61
47 35
57 61
38 34
53 65
33 69
55 48
54 57
31 51
37 34
54 47
55 67
45 33
52 47
49 41
47 30
46 54
69 52
36 63
45 40
54 54
47 45
57 58
69 64
54 36
31 51
34 44
70 51
52 31
30 41
43 58
33 33
55 31
43 36
62 68
