100 1000 1554
65 63
34 41
70 37
65 35
45 42
53 44
32 36
67 31
51 40
55 70
66 58
55 60
60 31
43 44
66 33
37 69
65 58
60 53
49 44
35 34
43 35
31 35
51 55
57 43
36 34
56 41
58 65
46 51
62 37
40 44
64 66
34 58
53 38
52 31
44 61
43 49
50 37
54 36
37 59
38 68
61 49
41 32
55 63
47 57
41 55
67 48
54 70
60 64
39 70
47 62
69 52
46 46
39 66
43 50
63 59
38 45
54 53
59 52
65 60
56 39
61 55
66 50
63 57
32 58
52 45
54 46
46 60
65 57
39 69
34 40
39 36
35 36
55 67
38 51
56 53
66 63
34 68
51 68
42 37
47 51
30 65
40 50
31 36
35 70
59 69
40 58
41 56
33 41
52 35
36 70
60 54
50 33
55 59
57 58
56 47
50 62
45 41
65 32
42 67
50 33
