100 1000 1434
34 36
41 40
42 55
63 48
57 42
45 34
62 37
59 41
40 54
59 53
32 35
59 41
62 69
50 36
37 44
51 56
46 48
37 41
39 68
31 59
33 47
69 66
58 60
70 48
65 60
42 42
50 34
30 50
66 64
54 37
62 55
30 42
68 56
63 56
62 59
56 34
54 69
51 47
47 37
46 31
45 38
37 39
34 31
69 69
62 51
65 42
35 50
41 51
70 48
56 41
59 69
30 49
50 44
43 32
55 45
58 44
32 48
69 54
59 54
31 42
39 59
42 67
40 46
54 50
58 36
63 32
37 32
55 68
36 44
41 51
30 67
60 64
59 50
56 65
63 46
70 38
42 52
47 59
45 62
62 68
37 57
53 68
55 59
57 52
43 46
68 46
42 30
59 62
33 36
43 43
62 46
30 47
53 51
66 63
50 40
39 45
68 32
70 58
49 62
35 49
