100 1000 1645
47 65
33 68
33 35
32 48
37 38
45 66
41 48
49 64
66 70
70 42
35 56
40 56
42 51
31 39
51 45
40 61
35 59
67 66
70 31
34 70
33 30
69 37
48 38
40 33
44 68
61 52
69 68
36 31
57 36
30 46
34 65
39 53
57 61
54 49
35 70
33 53
32 64
66 42
55 68
64 52
65 62
41 49
48 65
37 56
30 44
32 50
53 30
62 36
48 34
42 50
30 39
64 66
69 47
50 32
50 53
66 43
54 34
58 64
32 49
63 44
44 60
63 63
68 45
37 38
47 42
52 37
30 59
63 41
58 56
55 53
58 35
54 30
61 63
51 63
50 56
44 44
43 70
59 64
39 67
48 43
42 51
58 30
68 53
59 51
31 60
52 31
65 48
32 66
65 52
63 58
47 68
41 34
33 45
70 31
38 38
45 68
52 55
57 66
61 30
39 57
