100 1000 1573
59 47
33 67
55 70
55 44
41 60
59 52
37 55
68 62
56 52
34 64
33 37
33 34
46 58
37 39
42 47
58 60
67 54
31 37
45 32
57 31
54 65
64 41
65 51
42 33
52 32
57 39
43 61
41 42
43 66
44 40
40 45
30 49
57 62
35 34
41 39
54 70
32 37
58 31
40 38
31 57
58 30
59 34
42 52
55 53
33 50
44 64
49 31
40 38
60 34
34 51
51 55
70 63
63 63
50 41
48 33
64 59
55 55
66 47
38 58
35 66
35 60
43 68
63 62
57 60
34 38
69 39
46 57
61 47
43 38
54 46
69 61
50 40
54 39
67 41
47 34
64 39
44 66
46 58
67 37
62 64
64 31
60 51
31 67
55 45
31 36
38 63
54 60
31 45
59 36
42 66
34 66
34 49
41 62
66 69
60 41
43 58
48 55
31 35
69 56
56 34
