100 1000 1511
52 39
41 31
62 36
30 33
43 30
69 35
59 39
40 47
46 43
39 30
38 38
36 51
64 51
67 61
34 45
55 44
59 38
32 36
44 33
37 54
61 39
36 68
42 64
48 33
68 53
52 51
67 62
64 54
49 57
65 67
37 61
49 34
60 33
42 46
35 31
64 35
44 41
60 40
46 50
35 60
35 61
34 40
55 38
59 40
39 61
61 49
31 44
67 51
30 69
57 64
67 60
55 61
59 65
69 48
30 30
43 63
58 32
46 61
44 46
62 52
31 45
37 49
67 45
49 33
37 60
36 42
49 55
67 37
35 45
53 47
64 64
41 46
60 67
55 68
32 41
51 64
50 46
66 58
50 59
33 62
53 50
57 46
65 41
30 65
39 38
43 51
37 31
33 42
49 47
43 38
68 69
40 57
59 42
34 36
48 40
40 70
53 38
52 68
60 66
52 66
