100 1000 1499
49 38
32 52
63 36
52 60
34 30
33 38
61 59
70 57
53 53
33 42
47 33
46 62
58 30
51 64
58 59
61 68
50 34
60 68
51 64
66 31
48 30
60 45
48 66
57 40
67 70
30 47
52 41
67 68
49 63
60 42
39 48
63 43
55 70
47 36
46 39
34 59
47 63
41 38
34 49
67 64
51 36
41 62
56 68
55 36
34 58
54 63
61 70
65 44
49 50
68 38
37 34
46 64
56 52
45 67
48 68
64 49
52 65
46 37
31 51
67 53
63 61
44 40
46 57
57 63
53 42
43 64
41 59
35 60
36 65
64 65
48 47
57 49
41 33
57 47
31 35
64 49
60 35
61 55
63 68
50 37
63 35
61 59
47 67
33 65
41 35
32 69
47 37
44 36
34 34
52 54
63 47
37 55
65 32
60 62
33 42
47 41
64 31
46 49
40 46
45 52
