100 1000 1570
57 56
35 33
61 64
56 34
61 69
48 34
49 68
33 59
37 65
67 69
49 53
43 38
58 60
44 49
55 33
51 67
48 57
36 57
46 45
57 37
47 38
62 30
39 48
61 49
58 35
64 50
32 34
31 44
35 51
54 67
62 44
30 47
47 48
42 33
43 39
68 30
66 30
30 63
66 66
32 45
68 33
31 59
54 40
44 56
51 57
61 65
37 47
32 61
60 32
41 42
42 46
68 30
48 37
52 63
34 34
58 62
46 42
31 30
56 59
30 43
42 54
35 53
64 54
36 38
69 33
66 57
33 52
44 62
49 62
65 57
53 34
38 64
53 66
43 69
69 43
64 64
31 52
40 63
63 46
50 50
59 58
32 61
32 36
51 69
46 55
41 48
32 51
39 62
46 51
58 56
39 70
49 30
64 56
46 64
40 35
59 61
37 35
46 32
64 36
57 44
