100 1000 1492
42 53
55 39
67 66
65 54
65 45
38 70
61 40
50 30
59 52
50 30
44 55
61 34
45 48
32 33
36 35
44 69
56 34
38 43
65 70
33 63
61 67
63 50
56 52
63 47
47 60
46 44
51 66
52 54
36 49
41 33
66 63
69 40
52 41
48 41
70 40
55 56
69 48
51 66
48 59
60 38
44 63
34 49
31 35
38 33
70 61
57 67
68 51
54 44
32 31
65 33
56 40
39 32
60 65
67 58
50 62
46 37
68 49
41 45
53 50
50 31
48 60
49 67
69 41
46 35
35 64
42 66
37 63
61 39
35 63
40 38
70 31
65 36
60 55
70 63
40 37
37 42
67 60
40 44
64 45
61 54
42 39
54 65
48 44
66 42
51 64
49 34
66 31
42 68
33 57
50 34
31 66
67 60
49 62
35 60
63 57
63 67
30 50
70 36
45 43
44 45
