100 1000 1486
57 68
54 70
35 53
69 43
60 51
47 51
42 64
60 44
58 50
60 69
60 69
38 52
64 31
39 47
48 57
42 67
68 52
48 33
62 43
44 31
32 50
61 62
64 35
67 52
58 65
48 52
57 41
31 44
38 45
47 40
45 62
66 63
61 46
37 52
63 46
68 52
50 31
59 52
43 52
68 49
65 49
53 33
55 41
47 34
63 57
67 50
31 56
59 36
41 69
34 50
54 39
61 65
39 33
70 57
55 47
33 50
68 59
67 33
42 69
43 46
41 53
70 65
51 65
53 32
62 52
61 62
36 59
51 53
65 43
48 59
66 44
47 61
38 50
61 44
49 51
31 43
54 30
35 66
63 65
50 68
39 44
36 63
54 60
30 48
49 65
42 44
65 34
46 67
67 61
31 42
37 35
44 50
70 61
52 66
52 66
66 45
37 39
70 50
59 30
37 51
