100 1000 1547
64 69
50 31
70 45
62 34
39 34
56 37
45 57
42 56
68 54
31 69
63 68
61 42
58 37
32 49
66 56
52 57
33 31
41 55
48 39
47 58
66 48
53 44
44 34
60 31
32 47
41 36
65 34
56 31
68 63
34 69
32 36
49 55
53 49
32 44
31 38
58 65
64 41
47 70
51 32
57 40
34 51
56 32
64 70
60 47
30 49
65 32
68 54
31 47
65 37
52 70
43 49
59 40
44 34
55 56
67 53
34 68
49 70
57 49
35 48
52 46
61 36
64 39
40 51
49 60
69 34
69 58
38 66
64 32
41 48
38 58
50 61
51 33
44 60
49 38
39 59
39 36
41 50
34 66
31 40
56 44
59 32
60 54
44 56
60 47
57 33
37 64
45 52
53 34
53 37
32 43
31 32
66 47
68 38
34 62
52 67
43 58
49 34
40 47
48 30
38 67
