100 1000 1635
43 45
60 69
59 51
65 60
62 31
70 45
49 33
46 33
40 35
65 43
37 50
45 49
31 66
31 41
66 38
49 67
40 57
47 54
50 40
41 31
57 49
58 61
60 64
46 70
33 55
50 43
33 64
37 35
32 43
35 50
50 58
53 59
56 66
54 42
33 37
60 33
45 65
63 41
63 31
59 50
45 43
33 70
57 49
35 46
59 44
54 65
49 63
51 44
56 64
42 52
67 32
61 48
34 65
56 33
39 70
54 45
46 47
63 60
66 42
31 62
54 34
34 46
36 61
57 68
47 59
35 52
32 63
60 32
43 68
45 59
30 56
33 61
56 64
56 40
42 42
58 31
36 33
60 70
67 61
61 60
36 40
48 50
64 44
45 50
50 53
46 46
40 58
34 40
59 59
67 32
44 69
55 54
65 48
62 51
66 37
46 61
34 53
43 67
33 68
69 54
