100 1000 1499
64 60
70 51
39 61
38 70
30 38
55 43
51 65
63 57
62 37
67 40
70 31
46 42
60 45
61 61
52 51
70 65
41 64
56 40
39 34
62 39
36 40
40 38
38 53
40 38
36 42
59 39
54 44
60 53
48 32
34 46
51 59
62 43
67 43
50 34
44 38
55 48
51 45
66 31
46 48
65 35
37 46
68 49
57 64
65 64
48 54
43 41
52 48
36 46
44 38
54 32
40 43
38 69
52 50
31 34
59 53
43 64
36 41
53 36
66 35
65 69
59 48
67 39
37 49
65 67
30 39
68 65
31 50
34 39
45 61
51 49
68 54
40 43
61 61
40 35
36 64
61 33
32 40
31 53
42 54
34 62
41 43
43 40
30 40
42 42
68 67
45 66
30 39
69 66
36 40
59 42
46 66
64 36
38 57
35 54
43 66
34 42
58 41
30 69
61 36
39 44
