100 1000 1622
43 37
45 63
44 69
69 56
40 58
31 56
46 49
55 59
38 52
56 32
65 55
58 61
65 47
49 61
62 67
32 48
52 50
70 56
42 30
52 69
69 30
63 51
70 36
69 64
47 61
35 69
45 65
61 70
60 63
63 41
54 34
34 67
68 30
35 70
37 59
65 57
50 48
31 58
54 31
34 61
31 52
40 33
35 56
46 64
43 46
66 31
54 43
64 33
59 30
35 47
35 36
63 63
55 41
40 39
66 62
59 39
32 70
69 35
41 63
44 44
43 65
45 66
53 68
61 54
41 31
53 52
34 39
50 68
68 47
47 61
30 31
55 43
31 61
38 59
39 37
59 57
70 46
50 38
56 64
66 42
63 55
37 31
42 63
49 59
65 65
59 38
58 36
61 33
47 70
48 48
34 69
48 37
65 58
52 65
70 54
38 46
44 55
70 68
67 54
65 53
