100 1000 1500
41 62
34 40
58 33
56 70
63 47
48 69
31 40
59 52
56 52
36 33
47 43
57 49
49 32
43 63
57 46
39 42
66 44
32 45
34 31
47 64
50 32
67 46
52 63
40 46
51 46
61 32
50 63
60 47
33 62
43 54
44 30
32 46
59 65
69 69
46 42
39 34
40 64
55 55
65 34
35 47
36 45
35 37
61 34
53 43
64 38
33 63
63 56
30 32
42 34
48 67
65 48
34 65
55 39
44 38
52 50
34 34
57 69
44 30
50 64
54 61
35 54
32 42
36 49
46 45
65 67
45 36
67 42
49 53
34 44
59 35
42 44
46 50
54 61
40 53
54 53
61 36
57 59
58 69
36 62
61 40
30 63
54 39
65 39
48 37
37 44
36 51
42 45
40 66
51 47
53 33
67 69
42 37
32 62
67 31
41 44
48 43
35 51
65 65
54 63
70 64
