100 1000 1456
32 55
42 53
57 66
68 32
64 34
63 56
68 63
51 67
41 41
59 69
59 39
45 45
62 49
40 46
49 47
66 47
47 54
43 46
30 59
47 55
54 52
56 31
47 53
62 48
42 55
64 69
70 57
62 32
70 61
50 37
36 57
68 48
38 70
31 49
30 39
52 54
66 50
46 34
46 58
39 49
51 68
33 47
31 37
68 34
45 61
44 41
46 60
32 60
35 48
63 46
65 54
39 32
45 33
42 37
67 61
43 47
44 37
39 38
66 61
38 37
62 30
63 52
43 45
56 68
34 42
68 32
60 59
31 41
55 41
38 57
60 36
53 44
62 32
62 52
48 68
35 62
55 57
59 45
52 47
70 40
34 46
46 37
61 56
32 64
45 31
37 34
61 52
51 33
56 48
66 65
53 47
62 62
32 37
38 64
47 48
30 30
70 52
63 60
50 51
60 43
