100 1000 1551
59 64
54 40
42 34
52 56
33 64
60 38
56 38
53 40
49 43
67 62
57 43
31 52
66 42
45 35
68 43
61 40
48 66
33 36
41 41
59 51
32 58
31 36
59 58
69 41
30 30
67 31
69 46
44 64
67 36
60 39
49 38
38 57
63 64
56 40
55 37
58 33
35 69
46 67
59 54
62 64
55 42
33 47
40 32
59 53
66 52
56 69
41 46
50 42
70 70
62 55
30 32
59 55
30 46
36 44
31 65
40 41
47 47
54 45
49 52
36 59
35 37
34 35
46 47
64 52
32 63
64 62
68 45
32 56
40 32
44 69
33 60
65 48
42 36
46 40
65 70
37 35
37 67
67 58
54 66
57 62
50 35
34 57
59 68
55 54
40 67
51 59
61 37
53 64
44 57
65 39
62 43
46 33
58 53
62 53
51 55
49 30
47 57
41 64
56 44
49 62
