100 1000 1559
61 69
55 40
51 49
66 61
67 61
70 56
51 66
64 60
65 59
59 67
57 53
43 47
59 36
70 36
64 33
67 45
65 64
39 43
38 36
37 50
57 30
54 33
57 46
45 70
32 44
31 53
40 65
44 33
40 70
35 48
35 45
31 44
58 39
52 55
37 53
55 31
66 30
65 62
33 65
53 44
37 31
58 60
35 58
62 55
58 36
69 56
48 53
32 42
40 34
34 61
42 54
56 40
57 63
70 43
59 58
34 42
62 47
60 53
39 65
49 58
30 53
50 69
41 63
32 32
69 56
61 36
36 36
60 61
54 63
43 67
36 52
39 68
39 56
45 56
57 57
35 53
50 55
36 37
52 37
52 32
64 55
43 69
55 44
54 33
62 32
55 52
46 35
42 61
30 64
36 31
61 39
57 39
64 52
53 41
54 43
34 51
51 58
51 42
34 42
52 63
