100 1000 1511
51 44
32 48
68 30
43 38
30 32
31 58
63 62
41 64
51 58
68 69
56 44
39 53
42 70
45 70
42 37
38 42
35 30
54 61
42 48
56 49
63 69
64 67
61 67
57 32
31 66
41 58
30 53
32 35
56 50
55 58
41 58
60 54
49 32
70 30
58 67
41 52
61 45
38 63
50 66
55 38
67 58
62 46
39 53
41 69
64 54
65 48
64 33
69 44
37 64
65 65
42 44
58 56
52 58
59 66
69 52
35 48
43 44
30 51
44 56
45 47
49 54
55 30
65 45
31 40
61 52
56 57
48 62
62 48
38 40
69 55
59 47
31 52
53 68
43 30
40 63
43 43
37 51
47 45
61 51
64 44
66 57
68 46
48 45
41 55
50 44
49 36
59 32
45 37
58 54
38 59
64 55
41 32
64 63
60 64
52 65
62 55
33 45
51 66
62 37
51 64
