100 1000 1656
36 67
59 51
63 51
59 61
38 34
30 63
57 42
53 56
40 54
50 63
31 65
39 47
40 33
38 60
51 38
40 62
63 43
65 40
34 31
60 70
36 58
39 59
49 45
34 60
42 67
44 30
67 69
45 35
42 62
47 69
55 40
57 46
50 40
62 35
49 30
36 65
50 55
45 39
34 60
48 37
46 51
66 56
58 46
62 59
45 56
65 52
65 30
61 69
38 67
39 35
50 52
58 56
48 48
54 63
48 64
64 36
63 50
33 66
36 33
44 59
32 57
61 54
59 58
65 67
56 33
54 31
47 57
55 66
67 67
67 63
31 65
39 45
34 52
41 68
64 39
37 56
46 36
35 31
49 68
40 46
48 42
66 35
65 62
64 50
63 48
63 33
31 34
69 69
40 43
53 51
34 36
44 51
32 69
40 32
41 66
56 70
35 55
34 53
67 39
54 57
