100 1000 1379
49 57
51 34
42 69
65 33
50 62
43 45
42 31
57 64
59 35
42 39
68 50
66 36
61 30
47 55
36 48
40 38
30 48
35 33
48 50
68 64
59 38
49 36
38 55
37 57
35 54
51 58
40 55
43 32
47 52
45 60
44 52
57 58
41 30
59 37
43 47
34 37
67 55
53 53
49 66
41 46
58 62
33 38
33 34
69 39
46 37
59 34
52 32
60 52
56 38
51 57
65 68
39 55
36 64
58 38
49 48
30 58
50 30
42 42
65 59
34 39
60 61
63 41
49 63
35 35
54 45
68 54
61 58
70 68
70 65
58 32
56 66
51 63
57 67
61 30
37 38
53 62
60 44
31 46
67 67
38 48
60 60
65 30
48 61
33 43
42 63
60 36
52 33
63 34
65 57
36 44
57 54
45 58
62 40
39 40
61 47
63 59
61 48
54 30
48 46
57 47
