100 1000 1488
32 70
34 58
64 51
62 31
37 30
42 55
32 37
45 34
52 54
46 34
61 60
52 46
57 61
53 38
65 51
44 34
47 41
68 42
64 47
45 32
36 43
57 39
41 52
37 30
41 36
31 34
52 69
55 64
46 41
51 70
32 45
32 64
55 40
46 31
56 33
58 30
50 48
45 54
37 57
50 69
61 42
47 57
52 37
57 46
42 50
60 47
52 55
37 36
46 34
42 37
55 31
52 52
62 36
55 62
70 54
39 60
41 67
36 35
34 48
39 52
33 59
61 30
55 68
60 48
41 37
40 34
30 65
57 42
42 32
45 59
30 32
45 50
64 59
59 67
56 61
41 36
55 34
66 58
43 43
69 50
43 63
54 33
32 35
47 64
55 44
46 44
49 67
51 46
57 49
67 32
56 34
40 59
52 34
42 40
46 51
31 30
66 66
30 66
66 56
58 33
