100 1000 1486
61 68
66 41
47 43
48 68
40 43
68 34
49 64
68 42
60 35
58 40
59 45
33 38
56 39
45 47
69 69
39 69
55 57
42 53
47 31
56 61
63 55
54 67
50 36
69 53
56 42
31 40
60 51
66 55
35 44
33 35
52 58
63 51
67 30
67 40
65 44
70 46
43 63
35 55
60 44
63 31
31 46
54 59
53 54
35 69
43 53
31 31
55 66
62 67
36 70
34 56
39 57
38 46
59 34
48 54
67 42
34 46
45 46
53 56
42 48
55 63
37 45
58 70
46 64
42 49
31 44
49 52
61 43
39 36
36 50
56 58
39 53
52 42
42 40
32 39
54 40
44 69
67 52
50 68
62 35
37 37
61 47
35 62
46 66
58 65
46 50
63 62
65 55
55 33
63 44
68 50
67 45
49 63
40 59
58 55
68 30
53 42
39 67
35 41
36 51
51 56
