100 1000 1574
36 30
31 69
39 54
57 38
64 30
67 49
42 64
44 58
57 54
30 30
49 59
50 30
48 60
38 31
34 60
36 40
41 49
50 40
30 60
50 63
43 41
44 60
41 65
34 33
48 38
30 42
35 53
66 51
59 57
58 41
68 70
35 32
54 68
35 67
66 62
34 65
47 43
41 56
67 33
60 36
56 35
38 69
38 48
57 55
46 69
30 37
34 41
65 37
52 50
45 70
40 40
57 53
39 53
58 64
61 57
40 37
57 34
69 69
43 70
46 67
67 52
55 58
62 39
44 65
60 35
58 68
57 52
48 36
35 68
56 57
54 41
35 43
66 60
70 36
38 57
38 58
41 45
55 68
66 44
46 30
60 60
48 63
43 64
58 69
55 55
63 37
45 44
41 32
47 33
48 37
40 64
49 50
66 50
60 39
46 58
64 52
58 37
50 36
32 32
57 61
