100 1000 1642
60 65
39 45
47 45
54 62
45 40
37 53
34 50
60 38
37 45
52 63
31 40
59 34
58 60
60 39
48 48
70 58
63 59
48 38
35 41
50 49
41 47
54 35
62 45
60 44
44 67
45 40
34 49
32 52
33 49
38 31
67 65
53 44
42 31
47 66
31 65
35 55
42 48
70 69
66 65
31 62
53 33
48 62
61 61
50 57
60 35
49 54
37 47
30 60
69 30
44 44
34 30
47 37
60 42
50 32
55 53
60 34
34 51
31 53
55 36
56 52
37 69
32 35
51 70
40 57
69 38
52 35
37 47
61 48
65 43
58 42
65 65
54 48
65 64
53 48
68 69
41 69
68 35
64 47
61 44
47 30
60 56
34 69
59 69
46 68
35 69
35 39
45 31
39 60
44 66
61 64
53 49
53 41
47 58
40 34
31 57
38 68
34 56
30 69
42 63
62 41
