100 1000 1495
61 60
35 38
60 63
65 32
66 53
39 62
33 38
33 49
39 62
46 33
69 30
61 68
62 56
49 54
68 64
68 53
63 37
41 39
52 32
69 32
63 61
33 64
58 47
57 65
65 60
46 44
49 53
69 60
41 49
52 37
47 59
43 36
49 57
60 44
65 58
49 42
52 39
39 64
39 65
38 37
58 38
30 30
54 61
32 67
31 50
55 69
40 42
42 31
58 35
53 45
67 53
45 48
30 43
55 38
53 45
58 40
52 55
58 65
60 35
51 34
39 64
61 62
35 46
42 55
54 67
43 46
45 68
45 37
44 62
37 67
63 70
37 62
52 44
70 63
37 46
42 60
50 31
35 50
33 57
67 59
35 30
35 32
55 37
70 68
50 40
51 57
64 61
53 46
62 35
66 42
52 47
65 46
67 59
45 30
53 69
58 58
49 68
65 31
66 54
63 65
