100 1000 1642
49 42
51 56
53 36
48 63
64 37
32 44
53 41
34 52
57 60
35 37
70 49
30 66
30 43
47 39
67 54
45 58
32 49
54 39
70 54
58 41
43 66
54 58
61 42
34 57
32 33
36 37
56 30
37 51
50 62
64 35
45 63
42 69
35 62
61 43
52 51
66 48
66 37
36 62
65 59
61 33
36 45
64 41
68 32
61 36
38 32
67 40
41 34
33 46
64 55
36 59
52 65
51 34
53 35
49 55
43 66
37 60
31 48
31 62
36 54
55 45
66 38
69 40
34 44
67 42
65 67
34 59
54 62
55 50
56 30
38 31
36 57
56 49
54 53
67 36
33 70
57 64
43 38
70 58
32 70
30 51
54 35
70 69
55 63
44 62
62 67
59 31
67 31
59 69
70 38
42 60
66 60
47 55
44 40
69 41
56 35
67 39
31 64
62 50
48 59
33 63
