100 1000 1596
43 68
65 41
42 69
62 37
61 48
33 55
50 50
42 30
36 67
66 39
64 35
34 62
55 48
54 49
63 62
65 57
58 65
39 37
50 57
66 30
31 58
67 46
50 58
62 50
51 34
30 59
46 57
30 36
49 39
39 40
67 51
67 62
37 41
56 43
61 57
53 48
56 59
60 46
62 40
61 38
45 62
32 59
35 42
66 64
42 57
65 51
56 51
66 30
30 61
40 53
35 68
45 46
40 37
49 56
60 35
60 68
55 67
68 63
36 63
30 59
64 66
54 69
56 31
61 36
41 31
60 58
44 50
56 33
40 69
43 66
56 61
45 65
49 34
52 33
57 61
68 36
33 52
59 49
67 66
42 36
52 54
69 57
50 47
49 64
69 69
43 31
49 69
55 53
57 43
33 61
63 34
52 30
43 54
58 63
70 62
39 45
45 61
54 36
32 52
35 47
