100 1000 1521
37 49
62 65
57 30
32 60
34 69
57 69
49 50
52 44
48 58
38 57
46 55
64 40
49 35
54 52
44 59
39 61
67 54
70 40
59 65
65 37
51 34
55 44
57 34
41 45
65 64
50 54
31 46
34 55
39 59
39 35
63 37
64 32
37 56
63 39
67 46
30 48
66 60
56 30
36 36
55 37
41 50
55 31
57 53
54 59
32 41
59 61
35 47
46 69
54 60
53 50
57 49
63 53
42 67
30 48
44 38
70 59
43 70
49 68
57 33
67 51
56 66
66 49
34 43
48 40
68 66
67 56
30 58
66 51
37 51
67 56
54 69
58 51
36 44
34 31
50 51
58 68
46 46
30 64
46 55
48 57
58 63
57 46
57 52
38 63
61 50
55 69
42 60
43 33
33 49
35 34
68 45
59 37
56 51
63 66
35 44
67 54
35 34
70 44
58 33
40 47
