100 1000 1439
39 54
32 54
63 37
67 61
60 50
57 52
35 53
36 66
49 54
46 53
49 55
67 69
42 56
38 51
39 43
40 37
46 62
64 59
33 40
69 43
68 63
50 67
60 56
62 41
53 65
66 38
41 35
54 64
54 35
34 56
56 46
34 42
47 43
37 52
50 60
37 43
34 50
38 67
46 54
47 56
43 69
35 57
42 30
57 36
60 47
46 55
60 55
70 46
64 61
59 58
57 30
67 45
65 35
65 32
64 39
57 37
69 64
38 35
46 44
66 32
33 31
45 34
56 38
56 33
34 37
58 64
59 55
58 39
55 37
30 30
56 51
62 35
33 39
43 59
35 32
49 43
56 66
41 53
44 50
55 65
65 48
50 53
34 36
30 62
65 46
43 45
30 38
43 34
39 41
48 66
32 44
39 65
65 31
60 42
61 63
67 31
57 58
47 50
36 36
48 41
