100 1000 1520
64 65
32 56
68 36
41 30
40 39
35 59
34 48
38 46
47 41
60 70
56 66
31 59
46 62
58 50
34 65
39 35
40 34
51 34
50 36
50 56
38 35
48 48
32 48
61 37
48 57
59 60
41 69
68 60
59 50
31 58
64 61
65 35
58 53
64 43
47 53
69 32
57 37
49 47
65 34
60 63
60 56
52 37
60 54
53 42
56 69
40 35
42 62
55 38
64 47
64 65
70 46
70 39
56 42
67 41
47 43
47 42
46 52
62 69
69 62
63 44
35 49
38 60
50 54
66 65
67 70
49 39
56 38
31 61
54 58
46 41
55 51
51 68
66 49
30 50
54 33
39 60
60 43
32 43
38 30
50 58
32 63
31 66
40 59
47 38
35 30
57 58
55 31
43 51
44 44
49 59
40 64
30 30
31 30
35 35
64 70
65 37
43 47
65 37
63 36
64 58
