100 1000 1582
62 30
37 63
59 64
67 44
50 67
40 59
48 61
67 67
31 48
69 53
49 62
51 58
33 61
30 39
68 63
62 30
38 51
53 40
63 64
69 61
54 58
61 50
37 44
44 30
59 44
53 67
54 40
49 39
42 57
41 32
52 41
56 44
51 59
63 31
56 35
63 34
62 31
56 47
31 44
66 49
42 68
68 68
38 41
33 63
54 34
66 55
59 64
31 62
38 63
49 33
50 53
37 52
32 49
30 50
58 51
48 31
33 37
52 59
43 38
32 39
35 59
68 57
67 63
39 55
53 50
50 59
39 70
66 35
37 61
65 59
63 33
63 41
60 42
45 56
38 54
39 36
30 60
56 50
53 66
69 63
70 50
46 70
50 56
30 37
33 59
52 50
36 58
43 47
40 59
53 65
32 31
57 36
38 69
53 31
54 56
57 47
67 37
59 69
53 40
67 46
