100 1000 1530
38 62
59 52
59 38
30 52
45 61
40 49
56 69
50 63
54 39
57 67
38 50
58 46
68 57
50 56
58 39
37 52
32 63
63 46
30 31
70 58
45 45
47 64
65 69
33 48
55 31
33 39
37 41
36 55
59 34
70 50
60 64
57 64
41 45
62 36
59 49
56 31
31 36
34 53
59 35
31 38
38 41
46 36
69 67
35 40
42 51
69 59
46 40
69 56
62 62
30 55
65 46
59 56
48 45
43 51
46 57
31 36
49 51
38 65
54 52
55 67
50 51
66 44
36 36
30 65
55 66
31 61
34 46
32 47
56 37
36 56
48 62
62 32
69 65
54 57
46 58
51 63
47 35
44 41
58 50
40 40
31 66
33 66
37 32
54 33
58 47
57 42
44 55
48 35
54 62
54 55
50 66
53 66
34 51
65 45
37 54
46 48
64 62
31 43
56 52
50 54
