100 1000 1453
56 43
63 40
63 52
61 30
44 50
53 41
40 59
48 31
37 30
67 55
56 53
52 43
54 67
32 32
64 60
38 52
69 65
37 49
68 55
62 54
45 54
51 70
55 31
70 46
46 49
51 39
37 64
48 31
69 41
49 57
54 36
40 48
54 39
58 58
36 43
42 52
58 61
68 52
46 30
47 55
47 52
64 41
60 57
37 57
66 47
60 56
30 53
58 51
51 32
30 50
44 34
34 55
35 58
63 59
70 36
60 36
39 70
34 48
31 54
69 31
57 67
44 45
68 64
44 70
69 51
68 37
50 41
59 69
56 38
54 54
51 43
44 68
39 68
66 40
60 60
55 41
32 41
57 47
50 48
57 65
37 30
39 49
33 31
41 53
65 35
30 45
66 63
53 37
68 42
58 41
68 43
45 37
61 46
65 41
48 30
61 70
47 55
62 45
43 63
55 55
