100 1000 1667
50 58
60 65
34 67
68 36
61 69
45 32
64 70
62 38
30 69
57 59
34 30
63 43
33 59
45 62
58 56
52 33
48 30
53 56
40 35
63 57
33 38
31 60
67 48
45 55
68 41
54 60
64 42
51 39
68 49
57 34
31 60
57 64
43 61
47 41
66 62
43 34
30 50
39 41
57 48
69 34
36 63
49 53
30 48
38 56
54 38
42 37
36 43
65 33
49 70
39 64
69 69
31 38
46 68
70 30
62 40
31 61
40 55
67 67
61 32
30 35
61 36
38 50
48 65
60 64
39 67
67 68
42 38
55 57
40 30
48 46
38 58
48 57
51 70
33 70
67 44
56 41
42 32
52 61
35 37
60 37
40 60
38 66
33 30
61 56
63 70
55 59
63 48
39 44
39 59
39 48
46 39
35 60
66 33
33 37
31 67
43 68
41 59
31 52
53 38
61 49
