100 1000 1600
30 70
43 50
30 66
58 54
53 38
53 57
62 52
44 60
51 69
56 68
41 57
40 34
45 37
33 35
50 67
60 33
34 49
57 32
49 50
35 36
44 55
55 63
47 61
38 41
32 37
54 35
51 40
56 60
58 50
56 39
69 65
55 56
31 51
38 63
60 56
62 60
70 66
42 39
33 48
32 58
35 53
53 69
39 49
41 62
40 68
46 67
63 33
56 35
68 44
60 48
45 46
51 50
35 64
57 47
39 55
39 54
41 37
64 42
56 44
66 70
51 32
61 30
51 55
39 64
36 44
61 30
33 55
58 41
61 40
47 61
37 49
34 66
38 44
54 65
64 33
42 64
33 64
31 39
46 67
39 61
66 46
56 32
55 50
40 65
69 49
69 64
31 31
43 41
52 55
53 63
41 39
58 50
60 54
55 34
66 45
43 31
48 41
49 37
70 31
41 65
