100 1000 1617
40 53
62 51
33 35
65 61
57 55
63 65
44 38
52 52
61 68
46 61
66 64
66 47
55 42
32 51
49 41
61 57
60 59
34 59
69 44
43 39
30 49
62 30
51 63
39 30
54 43
50 48
55 68
35 69
42 64
31 70
31 43
58 31
46 66
37 44
59 46
68 39
33 60
34 36
62 65
67 54
54 30
48 54
30 36
70 55
40 42
55 64
66 39
60 63
67 66
31 54
35 40
43 68
43 50
52 37
63 70
48 58
42 67
33 67
45 69
46 37
38 31
57 62
49 46
39 52
62 61
53 52
30 42
57 36
36 62
32 49
66 36
47 31
66 58
61 33
34 59
60 50
60 69
33 70
38 44
37 49
58 57
48 67
61 61
52 55
59 70
42 41
69 70
34 45
33 62
35 66
48 52
33 40
42 62
67 40
43 37
36 38
65 34
53 54
49 42
48 63
