100 1000 1641
40 43
43 68
65 48
37 62
48 50
46 57
31 50
42 45
47 37
44 64
61 63
37 65
50 48
62 65
55 33
62 56
53 42
52 51
37 62
44 45
35 57
52 60
69 51
56 36
55 35
48 35
30 43
62 57
35 60
61 52
41 44
31 59
42 38
43 64
48 68
44 62
60 64
65 43
40 30
42 64
40 53
59 30
47 43
39 32
30 56
65 67
61 58
31 47
44 59
60 68
46 57
48 49
37 32
62 64
44 41
46 59
61 55
32 35
34 66
37 66
68 66
38 59
63 36
60 55
42 70
37 64
49 65
39 53
61 59
56 50
58 34
64 36
40 50
35 35
66 53
55 35
55 44
67 69
65 54
37 39
55 66
36 68
40 60
58 67
69 44
35 65
48 62
47 49
49 53
34 52
57 66
57 50
54 58
52 63
43 69
31 56
33 53
61 61
59 46
53 54
