100 1000 1457
62 57
47 30
41 32
54 70
39 50
33 51
53 30
58 52
46 30
50 56
58 47
53 50
52 43
47 31
36 60
63 36
45 69
63 45
70 64
50 53
62 45
32 45
68 33
48 50
58 59
39 38
46 64
43 57
39 35
63 66
43 59
48 30
46 35
31 36
43 57
30 69
40 40
55 50
49 51
45 43
66 48
57 39
69 35
40 46
32 39
52 56
60 61
37 36
61 35
65 49
54 60
50 50
30 36
61 54
49 65
33 44
34 62
55 68
42 61
50 43
57 63
37 40
40 46
64 38
62 30
64 50
32 43
51 41
44 48
42 49
43 61
58 67
33 49
65 44
42 32
69 51
45 30
62 64
42 49
32 38
67 30
43 60
64 53
39 42
57 54
37 69
52 44
42 55
40 52
55 40
33 42
45 42
31 48
43 37
50 63
49 70
69 70
35 54
47 54
52 45
