100 1000 1586
40 54
67 50
43 53
35 69
70 53
68 34
59 49
38 36
70 45
56 51
54 68
69 54
30 54
48 68
41 67
45 36
46 34
31 30
62 58
32 35
30 67
58 64
43 43
42 43
42 46
42 47
38 32
58 37
34 49
69 33
30 55
37 61
53 47
65 70
39 52
61 45
59 50
35 33
63 34
69 67
41 45
70 51
55 58
70 61
61 53
62 62
60 56
32 52
67 56
48 30
34 65
57 64
45 52
59 61
58 48
60 41
49 69
56 60
56 60
52 51
35 58
38 65
58 32
56 51
39 40
47 41
38 46
32 68
65 34
70 50
70 68
45 53
59 70
49 53
46 65
37 41
44 66
53 67
30 43
35 59
33 47
44 70
33 39
66 67
44 63
30 39
36 43
35 41
44 38
54 41
70 42
50 70
55 69
57 48
33 40
63 63
39 65
51 65
69 52
55 44
