100 1000 1568
30 37
54 53
48 57
32 49
67 59
32 62
53 49
34 43
53 62
35 60
68 42
53 35
39 68
36 41
45 63
49 65
51 45
32 68
53 69
34 36
31 49
52 48
67 45
65 60
61 48
31 44
70 51
39 52
32 33
49 63
37 61
56 67
49 43
59 54
30 54
56 66
57 67
66 52
40 32
40 36
43 40
41 41
55 41
58 40
59 31
35 63
61 54
37 40
44 43
58 61
68 34
45 54
59 43
36 68
46 36
34 55
57 33
64 50
64 48
33 34
40 40
59 45
48 51
63 51
41 33
67 37
66 45
33 40
65 55
36 70
63 34
55 35
44 44
35 32
44 32
50 62
46 64
47 47
65 41
45 35
58 36
36 45
54 43
49 58
44 36
68 46
32 36
44 37
30 63
52 69
56 56
57 40
68 38
38 36
36 61
70 39
42 67
38 53
51 40
35 54
