100 1000 1577
41 58
44 61
63 66
64 35
49 50
35 53
51 48
44 69
35 70
56 66
49 38
57 66
35 67
38 48
63 37
31 47
62 43
66 31
32 69
32 31
54 34
36 57
33 67
51 65
39 32
42 58
33 63
46 54
49 66
59 57
57 41
50 59
44 41
70 61
60 64
57 69
38 42
42 54
38 55
63 53
36 48
42 50
31 38
43 67
48 66
70 66
47 56
32 46
39 38
70 64
59 70
46 67
49 53
61 46
40 69
52 31
63 61
34 68
68 64
31 41
57 33
59 58
65 47
62 34
67 31
35 59
69 47
64 40
37 33
39 37
58 52
70 54
51 32
35 60
65 66
49 40
38 57
56 70
33 45
57 40
45 57
43 49
54 63
36 36
60 68
60 68
62 68
65 63
52 49
65 63
62 40
54 33
70 61
61 70
58 64
40 49
62 30
31 31
57 35
55 66
