100 1000 1475
44 55
56 55
37 30
47 30
69 55
55 38
43 31
63 44
45 64
67 35
31 53
44 52
49 36
62 67
61 69
49 67
66 66
53 36
60 41
49 38
68 37
66 57
54 54
63 43
61 64
67 69
35 44
53 58
60 55
45 40
51 67
39 67
55 39
66 51
63 61
46 64
63 70
37 68
52 63
56 67
53 63
62 66
34 49
33 66
62 66
39 49
37 39
62 40
36 64
56 68
45 61
55 65
38 35
43 44
34 51
55 59
35 38
36 36
51 49
42 41
59 55
32 43
41 64
30 62
48 41
30 48
59 47
68 37
34 37
44 42
50 46
66 51
68 46
58 38
45 37
45 51
37 36
69 30
66 57
46 40
49 66
57 68
64 58
49 56
53 66
61 33
47 53
50 67
67 50
35 45
53 41
51 59
43 65
39 60
64 49
62 55
53 64
59 35
64 55
63 55
