100 1000 1591
45 47
31 37
47 30
62 53
36 59
55 32
56 47
46 56
40 62
49 32
57 51
56 52
53 45
61 31
42 43
44 52
54 42
42 65
51 37
62 47
31 34
60 33
59 66
61 53
51 50
48 37
32 52
61 53
30 54
56 64
69 65
38 69
57 58
52 36
36 58
39 48
59 64
38 40
65 70
67 35
68 48
53 62
32 44
62 69
47 59
58 67
36 63
68 70
67 53
57 55
37 63
40 47
69 32
34 37
34 43
53 58
51 55
41 43
52 58
57 38
65 64
45 68
42 56
31 63
45 37
37 39
31 45
46 37
42 38
59 46
36 30
59 34
53 35
54 44
31 68
38 56
52 52
60 38
68 35
43 47
47 42
35 30
70 64
68 58
32 69
35 63
70 44
40 49
50 37
68 35
55 49
52 69
69 68
38 59
35 65
39 57
63 64
59 69
54 56
34 69
