100 1000 1610
32 42
65 67
50 63
38 70
70 49
68 56
55 62
67 58
48 53
40 32
37 58
30 30
63 54
53 63
42 46
69 40
60 31
61 39
66 49
42 47
57 31
69 63
52 48
38 68
64 62
68 55
37 60
59 38
55 38
50 42
64 64
38 32
62 39
59 63
56 39
36 70
38 63
63 67
46 69
53 63
39 55
41 62
37 69
65 39
44 47
61 63
54 46
67 48
56 53
69 30
62 44
61 57
67 38
41 39
35 67
59 52
39 44
68 68
61 47
69 62
58 40
49 65
46 48
66 46
68 30
39 46
45 33
70 52
38 59
46 42
56 68
60 63
63 32
36 60
65 34
44 47
36 48
32 57
57 44
57 63
35 44
61 32
49 52
39 70
33 42
36 58
43 37
39 56
33 69
68 44
56 68
58 45
45 67
32 66
58 53
45 38
64 36
39 70
68 43
59 41
