100 1000 1530
58 41
45 61
41 64
44 42
57 34
43 58
45 45
36 49
51 36
46 64
46 30
40 58
40 67
33 58
35 64
54 59
51 52
62 61
70 57
68 63
59 70
56 58
56 64
70 57
45 70
40 32
64 63
70 69
46 50
35 39
30 30
32 41
61 64
63 48
40 52
31 59
49 51
41 58
53 51
55 54
40 68
55 58
58 60
68 62
45 63
70 54
65 47
47 52
41 55
65 65
50 56
42 45
53 46
62 64
70 70
47 47
64 31
49 65
56 55
37 70
51 46
50 44
53 50
66 51
31 41
50 65
70 36
68 46
36 67
65 51
55 46
42 64
47 55
40 56
30 43
44 52
68 67
62 53
39 56
43 42
49 54
57 39
47 34
70 69
62 68
55 46
42 63
53 51
50 33
41 62
58 66
54 44
37 53
66 57
69 42
37 58
56 52
52 46
44 61
47 41
