100 1000 1538
50 60
65 64
52 58
37 44
46 55
65 65
69 51
49 44
53 43
43 30
36 32
56 46
67 41
69 46
37 52
39 43
38 58
44 36
43 39
34 42
67 63
44 49
49 31
55 38
32 69
49 69
46 62
68 44
53 65
62 68
53 34
64 49
53 50
55 62
48 69
48 62
55 65
36 70
57 61
48 70
38 57
60 48
30 36
58 67
42 47
33 30
37 36
68 42
51 51
40 58
58 43
38 39
42 33
46 69
50 61
32 68
48 56
69 48
66 55
70 52
63 54
45 41
32 70
62 67
54 38
50 59
32 37
68 30
38 49
62 52
30 38
56 66
33 66
58 50
65 37
46 39
70 56
31 67
44 66
43 64
43 42
64 67
42 30
57 40
54 60
52 35
36 43
40 54
70 34
32 51
66 37
64 52
36 34
48 61
32 35
48 45
52 67
52 56
35 48
63 31
