100 1000 1561
37 70
62 62
38 58
46 65
43 34
50 40
42 52
51 65
38 37
35 35
31 49
42 58
31 57
30 49
58 36
52 66
57 38
45 33
58 42
33 61
42 38
33 34
45 35
49 62
58 67
42 36
60 47
47 35
63 63
34 41
43 43
30 70
40 39
55 61
55 63
42 34
48 40
51 69
46 62
64 66
46 48
57 44
33 36
68 33
61 55
63 57
58 34
32 41
34 48
31 50
51 33
67 69
38 66
47 36
47 42
55 64
32 48
56 67
62 50
40 50
37 33
69 35
46 45
53 42
67 32
31 32
51 44
38 38
30 42
55 47
65 47
49 46
62 35
30 58
57 34
68 33
63 48
36 63
68 61
35 60
58 59
43 48
56 42
31 31
50 70
35 41
34 60
57 31
33 63
46 40
58 65
63 54
70 35
53 46
35 40
46 64
39 49
64 38
47 65
41 54
