100 1000 1643
69 59
30 45
56 70
49 63
61 38
31 53
62 36
31 68
32 57
54 63
57 48
35 63
65 36
38 57
54 59
33 44
43 37
41 65
32 67
62 47
61 50
42 30
52 40
47 32
34 55
70 35
70 41
60 44
64 30
44 57
69 48
50 59
36 58
32 61
61 52
70 67
36 48
40 45
70 43
56 48
66 69
61 57
47 49
37 30
47 32
70 56
34 59
42 41
49 48
38 61
34 62
37 60
50 32
31 68
61 41
37 48
38 58
41 45
50 40
63 50
35 70
60 37
44 55
57 49
47 48
69 49
50 31
51 32
41 58
33 56
61 39
63 62
32 48
70 37
66 52
30 42
65 53
45 66
41 43
61 32
46 48
59 44
33 53
44 57
41 56
58 41
37 32
53 34
69 40
49 30
36 48
40 66
51 43
57 48
40 37
46 57
67 48
52 62
66 70
61 60
