100 1000 1701
35 47
52 37
65 40
38 44
58 49
59 64
70 61
42 50
56 70
32 54
47 70
35 35
34 56
49 70
32 70
52 32
52 67
70 62
61 48
50 66
39 67
61 64
61 39
32 48
38 69
48 55
39 41
40 36
36 43
47 35
61 37
35 44
42 36
53 67
59 58
30 36
61 62
36 45
41 65
46 54
44 67
33 68
59 63
34 67
52 45
30 58
30 54
34 36
57 52
30 58
62 32
41 41
32 68
38 32
49 44
59 48
43 46
55 50
54 64
31 70
51 55
51 57
32 38
47 63
57 46
42 45
68 69
48 57
35 63
48 35
43 35
46 62
48 32
59 46
57 35
61 32
41 30
54 40
57 57
64 60
46 33
32 59
56 70
63 68
34 63
42 61
31 39
60 68
30 63
41 41
67 48
46 69
55 63
40 68
51 56
44 55
56 65
55 45
48 61
69 48
