100 1000 1464
65 68
48 64
51 36
45 35
70 51
46 32
55 66
64 30
54 65
30 32
57 34
65 68
55 37
61 70
51 56
48 53
49 44
34 50
58 38
60 65
43 31
51 50
65 44
61 42
44 57
66 62
70 37
51 62
61 64
31 64
66 69
65 61
41 45
48 38
57 68
44 50
57 63
34 31
62 58
37 52
48 36
50 65
48 63
30 70
50 36
50 68
30 59
56 30
39 48
64 69
57 45
60 65
53 48
33 60
53 38
54 35
57 46
64 55
43 55
70 41
33 41
34 30
38 62
51 30
70 38
46 70
38 39
57 46
51 52
44 38
32 35
55 52
61 66
43 45
59 43
70 36
65 63
59 51
53 62
50 69
53 49
67 64
54 30
37 32
56 66
53 45
52 68
62 50
32 62
47 57
55 55
39 42
68 53
47 36
55 70
35 67
48 66
44 57
70 35
54 35
