100 1000 1557
62 62
33 41
36 49
51 59
45 57
38 48
36 68
55 35
35 46
56 46
31 67
54 58
57 48
43 50
47 57
39 37
39 57
53 54
63 52
39 36
39 60
44 47
67 45
40 35
55 60
51 65
37 37
62 51
68 65
35 68
62 62
63 41
70 60
41 70
58 51
43 62
49 61
34 36
57 49
38 34
54 50
36 41
57 69
44 42
66 59
41 69
48 35
40 33
38 56
37 54
55 34
51 54
46 62
54 68
37 52
30 56
45 63
56 43
58 34
70 45
38 52
45 31
44 43
40 41
52 46
58 47
69 55
38 48
39 66
42 57
45 62
68 53
59 53
63 31
62 70
50 67
34 65
64 60
43 70
45 51
67 46
37 51
58 59
56 48
37 32
39 31
31 37
70 59
61 53
47 43
30 33
53 34
35 52
65 59
34 59
30 41
48 69
66 52
49 57
55 53
