100 1000 1530
32 33
47 34
67 47
59 42
45 42
59 56
64 47
46 42
47 57
68 44
51 69
54 50
67 60
68 53
47 66
70 31
37 49
55 50
36 50
62 44
36 43
50 59
51 49
69 62
70 49
61 44
64 65
57 36
32 39
61 38
62 42
35 30
30 50
52 70
47 68
36 58
33 56
42 56
52 32
49 68
49 55
43 42
70 44
44 34
39 37
40 52
34 35
59 30
34 67
35 61
59 44
70 42
30 68
41 45
51 36
45 49
69 36
45 42
55 40
61 47
50 49
31 42
31 33
68 52
65 41
66 38
37 67
46 51
45 43
66 45
42 30
36 41
62 45
63 59
51 61
31 48
46 58
68 34
68 46
48 65
31 54
34 56
33 60
43 43
53 41
37 45
53 66
34 52
52 38
49 32
60 35
57 47
37 39
31 46
38 33
30 56
60 32
68 50
42 59
66 32
