100 1000 1448
62 43
69 48
50 45
33 37
58 70
33 65
44 42
34 39
47 32
35 54
65 33
35 52
42 53
52 51
30 36
40 52
52 67
54 34
38 39
58 32
48 43
53 58
37 40
35 47
68 68
37 51
36 54
55 63
49 54
33 44
62 49
57 64
57 48
48 59
67 36
49 51
42 49
60 59
53 37
52 30
57 41
35 57
35 62
54 54
36 43
31 59
69 43
67 49
69 53
48 67
62 69
62 65
67 70
57 36
57 60
63 67
31 38
33 52
60 39
45 70
59 66
55 70
53 38
34 43
46 42
69 47
62 61
62 34
37 39
52 58
49 44
50 53
57 61
55 32
56 36
30 50
45 33
36 59
39 56
51 31
65 53
40 32
52 45
63 55
65 60
54 43
49 57
42 61
40 59
43 32
67 45
69 63
48 32
63 48
58 45
64 69
60 41
46 38
66 37
32 41
