100 1000 1483
58 42
57 56
33 44
69 48
56 34
68 39
30 58
70 41
69 31
69 49
39 51
39 55
70 31
32 44
30 44
43 62
69 50
56 44
41 43
30 43
49 68
65 36
37 36
53 62
68 47
53 55
33 32
37 38
53 49
46 57
48 39
52 46
70 37
57 56
39 35
33 61
63 64
46 52
40 59
37 43
31 44
33 39
30 41
56 33
37 35
67 59
41 69
45 56
68 65
51 66
63 52
70 64
53 64
37 61
36 35
57 40
64 45
49 37
34 57
57 40
44 59
47 46
57 49
69 46
36 34
68 58
43 55
42 44
47 60
43 42
64 48
48 62
34 69
61 31
48 65
62 60
32 60
63 31
48 34
54 48
66 45
50 35
53 31
67 55
62 60
51 31
58 40
41 36
50 59
33 32
42 70
40 56
38 43
58 46
67 69
69 46
46 55
41 35
57 69
39 30
