100 1000 1439
43 38
33 61
65 68
30 70
32 64
40 39
66 65
43 52
56 54
60 69
59 49
60 63
67 38
67 39
42 63
52 56
64 36
63 59
43 48
63 58
43 42
48 39
68 39
62 48
39 47
63 59
58 38
43 36
69 41
33 47
46 47
48 45
65 38
45 33
42 39
57 70
68 50
55 40
56 54
39 51
50 64
69 51
46 43
32 43
30 38
54 48
44 58
66 50
39 68
54 54
61 62
51 42
46 45
63 39
32 36
52 35
56 45
51 56
48 67
39 32
66 62
43 52
31 33
39 59
63 59
46 69
63 61
70 45
45 47
45 49
46 42
40 44
42 58
47 70
39 36
63 30
45 37
66 40
39 45
57 43
35 60
31 34
52 46
35 57
70 49
60 55
70 33
67 52
56 47
70 33
58 40
57 53
59 52
53 65
45 63
58 50
50 32
57 53
64 59
34 38
