100 1000 1680
31 33
39 36
35 54
41 65
30 47
56 43
58 41
50 50
62 40
65 65
40 46
35 33
42 48
43 60
46 50
31 41
65 37
31 66
49 56
67 49
38 53
31 51
64 60
30 53
30 70
30 69
61 55
42 70
61 51
52 44
50 31
49 64
60 67
39 38
35 36
33 60
36 58
47 49
30 62
38 32
60 39
56 49
33 45
69 42
67 68
31 61
45 59
37 41
66 36
58 59
51 61
59 38
68 41
39 30
36 48
32 42
41 38
63 40
69 45
39 33
46 40
51 33
69 35
52 33
37 70
57 39
51 33
70 44
60 48
34 38
69 56
53 50
32 68
31 52
41 38
68 59
38 61
62 39
43 66
67 45
67 57
48 53
59 63
55 67
40 67
70 37
44 36
66 68
68 62
48 36
52 61
50 67
39 67
39 51
42 38
38 56
58 38
58 54
55 37
33 63
