100 1000 1479
40 51
50 57
41 60
67 39
33 52
54 43
34 38
65 63
69 33
49 42
58 50
64 45
54 67
56 59
31 30
66 41
43 60
31 38
68 55
40 56
61 70
35 47
67 48
68 51
40 34
53 44
51 47
45 59
57 42
55 31
30 57
43 51
48 43
58 62
45 46
63 67
44 60
53 49
66 42
42 38
47 46
57 39
65 43
64 62
62 53
43 50
61 45
38 38
30 50
36 65
57 69
40 58
51 50
54 48
70 65
66 31
70 58
70 35
70 53
60 64
69 48
31 52
44 54
44 63
57 49
70 55
66 62
70 40
37 30
64 45
60 65
54 69
39 51
30 64
43 65
58 37
30 58
34 53
53 39
69 31
49 47
36 40
55 66
39 44
68 49
56 54
52 32
40 56
70 55
63 30
40 61
45 33
50 46
53 53
53 57
32 61
61 56
39 35
67 60
62 53
