100 1000 1592
37 60
53 46
35 33
54 64
70 62
31 39
32 46
48 49
62 44
62 46
31 67
70 57
33 55
54 31
45 49
38 70
38 35
54 49
59 32
68 34
60 68
68 35
37 37
45 55
45 47
67 54
33 64
54 64
67 60
63 45
37 34
41 62
34 37
33 46
55 41
37 64
59 59
54 69
34 70
30 37
53 54
66 41
40 54
47 49
36 53
39 38
37 33
37 66
45 33
61 65
44 49
53 61
70 68
31 45
53 65
36 62
59 69
47 64
69 63
32 62
57 50
60 34
53 39
51 49
70 65
54 31
68 59
60 32
42 52
38 55
35 63
53 33
42 64
46 61
51 47
49 58
55 47
65 43
51 59
60 70
67 40
57 57
30 57
46 48
69 62
38 35
38 52
43 67
53 42
63 40
44 58
58 46
39 30
68 40
66 53
46 56
66 40
38 60
52 46
50 38
