100 1000 1634
65 64
46 52
33 44
37 49
70 59
46 45
42 62
44 47
65 57
34 32
50 32
32 35
32 63
44 60
50 51
43 60
31 57
53 50
61 40
49 47
67 36
30 61
49 66
49 63
47 58
38 50
39 52
54 70
54 32
49 40
67 35
44 40
39 63
63 66
45 68
33 49
66 51
60 30
42 45
68 70
63 45
64 50
62 52
54 52
51 52
32 37
52 57
44 64
53 31
35 66
41 46
54 34
70 64
40 63
68 30
63 68
55 46
61 33
49 30
44 59
36 55
33 49
55 49
32 70
32 50
37 66
30 44
44 67
54 68
61 58
54 56
36 69
38 47
68 46
44 52
65 54
66 69
42 68
30 41
66 37
53 45
63 42
31 62
62 67
45 58
68 69
44 42
46 66
67 38
34 66
63 66
40 41
44 33
54 52
44 41
56 63
34 46
42 44
36 33
33 65
