100 1000 1507
62 35
46 48
69 61
43 53
56 56
58 47
51 32
56 46
39 49
43 65
47 31
43 50
49 52
57 46
37 42
49 64
70 39
47 37
69 66
51 57
48 30
37 70
68 39
34 35
49 34
54 61
40 51
30 69
31 52
57 68
61 57
30 54
46 59
47 42
47 56
50 48
52 45
63 36
60 35
38 69
60 39
48 35
35 40
33 37
63 50
70 48
39 69
56 37
64 53
55 58
31 52
67 42
59 50
63 50
60 51
48 54
54 45
32 43
33 37
56 58
65 67
43 38
39 33
35 39
53 44
32 37
61 52
43 50
62 45
37 45
41 59
57 65
56 44
44 43
60 63
32 34
34 57
40 33
30 65
62 55
48 65
38 52
44 31
31 32
58 66
56 51
52 35
48 67
70 49
51 40
59 30
66 69
46 64
46 44
45 66
66 33
38 48
58 45
44 43
30 58
