100 1000 1676
52 62
42 33
67 70
36 68
67 35
32 64
65 33
55 66
63 55
51 41
58 63
48 33
42 61
30 56
51 34
70 49
39 37
34 61
30 45
56 32
54 41
59 64
48 38
40 34
47 51
36 37
55 67
65 65
44 56
55 42
48 58
67 70
48 65
45 57
38 30
39 44
41 38
34 67
49 46
65 33
55 41
61 67
31 58
62 34
31 31
33 63
57 63
45 36
53 34
53 52
42 65
46 48
64 35
69 55
63 66
40 70
30 43
36 57
32 58
49 45
58 64
33 47
35 45
37 34
47 68
32 65
32 48
34 32
32 64
66 63
56 34
39 44
47 55
49 53
31 30
32 45
67 61
51 40
68 70
56 30
49 61
62 38
33 66
46 30
42 49
31 46
38 69
34 68
33 38
39 49
43 70
37 32
62 57
51 41
41 58
46 70
51 57
52 60
44 47
70 31
