100 1000 1608
42 31
43 48
50 59
59 30
41 58
49 30
37 32
61 32
34 55
42 47
54 68
44 39
52 61
57 30
55 30
46 59
66 57
70 50
36 61
64 39
52 40
58 56
42 42
56 66
65 45
33 45
54 46
58 36
70 52
40 66
31 63
47 67
31 56
62 53
41 57
38 54
37 47
63 59
30 67
54 61
52 30
58 62
30 60
49 36
48 56
62 66
59 57
67 43
31 68
70 30
31 54
53 66
59 43
62 70
34 33
53 64
60 33
53 50
62 46
49 61
48 49
35 53
45 68
48 69
32 50
42 67
45 38
49 49
69 58
63 50
56 34
51 57
65 39
56 55
31 34
67 60
31 34
39 36
36 30
34 65
64 33
54 66
36 60
70 32
55 59
51 39
44 35
69 42
54 36
38 59
47 60
50 32
31 55
40 52
59 45
44 61
55 56
49 69
40 67
65 44
