100 1000 1475
58 41
66 56
52 42
39 43
41 60
40 46
40 34
32 30
53 31
61 54
34 55
41 45
60 62
54 45
37 41
39 46
46 45
69 46
37 41
63 50
34 33
63 50
41 60
69 58
45 61
55 34
46 33
51 53
67 31
34 45
47 33
41 47
38 64
52 56
54 68
36 38
49 37
30 46
63 62
45 30
60 43
36 51
38 42
31 68
48 47
53 66
55 56
40 30
68 65
55 34
54 39
67 46
61 45
43 66
54 58
36 50
48 54
42 39
68 69
40 41
47 34
61 47
68 69
41 35
68 53
49 49
31 38
59 60
47 39
31 36
47 41
64 52
52 42
59 55
35 54
67 43
51 35
31 31
30 48
60 36
56 34
33 32
44 47
49 36
35 59
39 50
67 39
33 46
59 69
30 68
40 40
47 34
42 64
61 36
35 62
58 64
31 40
55 54
30 39
46 70
