100 1000 1623
35 54
55 37
34 56
50 63
51 52
40 65
35 39
70 40
31 34
52 65
41 68
42 36
61 48
63 68
45 34
69 56
36 68
41 67
50 36
32 64
37 34
61 36
33 38
53 36
60 37
31 35
54 33
44 32
50 33
43 64
33 56
48 69
68 42
58 48
51 62
54 69
42 47
47 70
70 63
67 47
61 59
55 36
53 38
68 66
63 53
38 65
60 42
42 52
62 61
39 56
55 58
55 70
61 46
63 56
44 60
70 57
39 51
70 38
56 52
51 43
62 68
54 33
68 48
60 35
59 37
43 47
51 32
43 53
69 43
38 69
61 31
55 58
32 49
63 57
34 60
48 39
43 69
42 59
46 53
65 54
57 54
38 70
38 61
48 34
35 42
36 69
36 51
54 38
32 30
58 34
34 54
42 66
56 67
69 34
34 45
39 44
41 57
35 64
57 36
63 56
