100 1000 1599
55 55
42 60
60 58
32 51
65 34
33 50
61 50
58 69
32 46
68 69
30 57
55 68
34 55
51 39
49 51
34 43
55 41
39 68
49 68
49 64
43 34
31 31
60 66
61 37
60 65
69 33
51 67
37 70
54 31
41 54
45 54
59 34
31 54
38 58
45 59
43 47
63 51
39 63
61 32
69 54
41 31
67 52
59 50
53 70
31 69
65 38
50 30
40 63
55 33
55 33
57 38
36 32
44 50
38 45
47 35
60 52
56 67
56 33
65 36
60 34
39 55
41 52
68 65
37 60
33 35
37 51
32 32
31 38
31 49
43 44
52 46
46 31
68 60
43 37
56 68
31 61
55 62
46 64
70 32
57 54
48 54
65 36
64 43
30 68
49 48
43 61
39 55
65 56
58 41
51 44
49 41
32 67
31 42
59 44
56 55
39 52
66 70
33 44
44 64
43 34
