100 1000 1551
33 66
35 36
44 45
44 52
62 68
43 57
58 35
64 45
40 47
34 42
54 65
66 31
38 50
52 68
33 37
61 57
52 38
60 55
52 59
43 60
49 57
54 40
64 49
39 34
67 43
32 45
36 55
56 65
56 50
57 63
42 41
66 31
56 50
36 70
58 51
47 62
48 35
57 70
44 55
30 52
41 59
66 32
49 34
46 54
43 46
30 43
44 55
60 69
32 37
46 30
43 43
40 60
50 37
37 46
41 35
64 32
62 50
34 60
30 59
48 70
38 48
34 35
48 69
70 37
62 56
36 69
55 47
38 39
47 56
46 56
40 31
32 50
51 46
42 51
51 67
63 70
52 37
65 49
41 66
53 63
65 66
66 64
60 48
60 32
43 69
62 42
35 70
44 41
39 32
53 35
53 41
41 32
63 53
59 40
34 68
44 42
70 50
65 33
61 32
46 64
