100 1000 1368
41 51
63 41
33 63
43 30
39 33
50 44
61 51
53 55
62 58
44 44
43 61
64 44
39 52
57 55
52 42
39 32
32 37
50 38
68 59
56 68
65 33
35 62
30 30
60 39
38 48
51 37
55 65
50 48
67 57
44 44
67 31
50 41
62 64
70 32
35 31
33 37
65 39
51 30
30 59
38 30
65 30
49 55
70 67
68 69
37 38
57 33
32 55
66 36
70 47
48 61
53 35
49 39
43 51
45 68
67 43
32 69
39 55
45 46
42 51
33 41
35 48
33 31
69 39
50 56
58 49
56 37
59 58
48 33
41 32
61 33
42 44
35 37
33 61
52 43
69 70
49 35
69 47
65 68
59 41
45 38
64 49
63 42
63 70
52 54
54 48
63 41
59 47
50 48
36 36
65 45
69 64
41 50
59 32
48 51
64 48
59 50
55 34
56 36
62 58
59 50
