100 1000 1621
30 39
41 52
34 44
45 37
47 63
38 47
63 55
48 63
38 33
48 38
34 38
45 48
49 56
32 68
70 60
41 32
61 37
33 65
39 65
69 48
43 39
32 36
50 56
70 62
63 56
40 66
36 54
49 40
46 30
38 62
70 37
70 46
32 37
42 65
39 41
65 54
44 42
62 55
66 70
37 58
44 53
49 31
38 65
64 44
49 43
56 38
42 60
53 67
59 64
69 70
55 70
64 56
69 44
34 61
57 56
50 48
62 34
52 39
31 58
34 60
34 57
40 31
56 35
54 60
30 63
50 68
57 48
30 69
69 30
69 63
47 56
54 35
55 58
68 63
58 70
39 36
36 51
31 60
62 52
63 63
36 35
57 33
70 60
45 30
66 65
70 30
70 70
32 32
45 36
32 52
42 36
35 46
63 55
32 69
48 53
69 57
54 66
41 30
54 31
67 32
