100 1000 1601
32 36
34 67
48 31
36 58
68 45
70 64
35 50
55 34
39 41
52 38
34 65
65 44
51 44
56 65
52 58
45 68
44 48
70 36
32 41
30 42
56 30
53 48
50 61
52 33
63 38
57 30
47 60
45 35
32 59
35 66
55 43
44 34
63 70
60 39
37 69
46 42
44 65
47 39
65 32
70 48
65 42
66 57
34 60
54 47
37 48
41 60
45 62
62 44
50 49
34 46
62 47
66 41
40 49
50 63
56 42
39 54
31 32
52 43
35 30
34 38
52 49
49 49
61 61
57 64
41 33
44 45
30 41
69 63
63 49
53 55
40 52
43 42
51 69
59 43
44 69
42 42
47 64
40 67
51 69
34 42
40 37
32 48
61 50
45 47
35 67
66 36
36 70
68 50
48 48
35 64
66 50
34 68
36 46
40 50
36 39
36 53
54 43
55 56
47 56
43 36
