100 1000 1592
31 49
65 58
58 65
58 63
43 57
52 37
32 61
40 36
30 50
34 54
40 50
49 65
50 68
54 67
54 59
40 63
49 55
41 68
43 63
55 35
66 34
41 37
58 50
66 68
69 41
39 55
31 53
48 36
50 60
30 44
37 44
36 42
55 58
68 56
68 53
34 67
33 66
36 61
44 50
52 57
46 40
34 52
40 32
32 44
65 39
32 44
49 53
47 41
69 68
64 44
36 44
68 44
52 61
69 68
37 65
30 45
56 45
63 64
46 49
48 63
57 39
64 49
43 68
42 53
50 69
66 37
54 68
57 32
63 61
55 58
35 34
53 38
43 67
51 63
47 64
69 53
36 44
31 70
56 62
55 47
38 38
40 57
68 69
53 66
59 66
40 56
48 42
41 60
63 49
52 42
60 57
61 50
35 55
35 32
51 51
55 37
51 65
51 64
41 65
52 55
