100 1000 1576
30 49
63 31
68 41
31 68
70 48
49 50
33 49
59 40
62 63
66 60
31 65
57 45
30 67
47 52
45 33
57 35
69 66
51 70
44 51
36 67
62 65
44 47
70 30
44 52
60 55
66 40
56 42
64 54
45 53
39 48
39 37
57 62
57 52
40 44
63 43
39 64
42 59
50 55
34 33
45 54
58 64
50 34
42 67
44 31
52 69
35 61
57 55
43 63
51 68
64 32
44 32
39 55
59 57
46 66
62 58
38 57
67 36
65 36
48 42
31 53
58 49
47 43
54 68
45 64
32 32
50 45
40 38
48 57
35 39
63 64
43 48
55 42
60 65
61 67
60 62
43 39
53 49
66 53
50 48
32 48
61 58
42 55
36 61
46 54
69 30
44 54
53 38
43 41
67 31
45 49
42 62
33 63
48 65
65 53
46 39
30 56
57 43
33 30
33 40
54 58
