100 1000 1581
53 40
37 54
57 37
69 56
37 66
60 31
60 31
34 66
40 34
65 47
36 30
62 69
66 42
34 47
48 31
42 45
51 37
59 69
36 67
34 51
53 43
59 58
47 39
69 39
35 51
54 62
63 41
34 65
30 37
37 33
64 51
42 46
56 48
51 60
66 57
52 63
36 62
35 45
63 33
51 44
46 69
51 42
51 67
50 30
33 60
66 50
43 52
58 34
47 62
47 51
67 34
47 51
47 38
52 41
39 51
41 30
34 31
70 62
67 45
56 70
67 33
30 38
63 43
31 48
39 42
65 57
66 37
36 63
42 48
34 53
36 65
33 54
45 39
64 57
32 37
61 44
41 58
45 64
50 44
42 49
40 52
58 51
41 42
30 39
64 33
54 49
59 69
41 36
62 66
60 38
36 67
55 55
34 48
60 37
43 48
32 64
39 35
53 57
42 41
37 68
