100 1000 1589
34 55
37 61
62 54
34 53
38 61
33 49
45 40
63 44
57 41
62 39
51 55
54 57
53 44
45 45
38 51
64 66
62 36
38 62
39 67
50 41
35 56
60 39
50 41
38 70
69 40
38 48
44 47
56 35
62 49
54 47
46 35
67 57
55 37
59 67
67 64
56 45
31 67
65 38
65 70
39 54
54 36
48 62
59 34
33 56
65 58
41 41
51 30
50 49
35 59
64 67
50 63
41 46
49 43
61 53
48 37
57 67
36 31
40 51
57 36
49 46
70 51
42 68
51 47
39 56
51 47
50 58
35 62
31 61
69 60
37 31
35 62
30 63
65 57
56 41
33 39
50 40
50 62
60 39
55 52
55 61
37 48
37 37
31 31
60 54
65 52
51 61
56 52
33 37
33 34
32 60
67 37
69 62
49 59
30 43
66 49
52 70
59 49
35 50
63 69
40 40
