100 1000 1575
59 34
52 36
49 53
36 58
56 30
37 31
65 38
59 40
50 56
57 58
37 44
34 43
38 70
59 56
46 33
41 56
58 46
68 61
55 49
56 36
55 46
49 40
47 31
30 62
68 49
39 51
70 44
69 46
35 53
38 45
46 57
62 47
40 34
64 47
36 60
41 51
50 33
40 35
64 67
38 59
39 44
44 40
56 32
44 37
61 32
61 37
48 32
33 60
54 62
56 33
68 56
67 30
47 42
64 60
61 49
36 62
48 68
68 30
46 48
34 60
67 54
44 63
65 66
70 43
39 43
56 57
53 57
59 47
46 38
39 40
42 70
57 52
58 48
57 68
54 45
40 34
41 65
40 56
67 52
35 65
39 48
38 47
55 58
38 41
55 42
39 40
48 55
32 68
40 70
46 56
47 31
68 47
59 30
52 48
36 60
62 70
42 62
35 69
61 52
64 41
