100 1000 1472
64 69
50 52
52 69
34 67
30 64
60 70
49 44
62 44
61 39
49 61
61 63
43 53
37 45
50 44
66 54
48 51
47 51
49 69
59 53
37 64
47 31
63 33
66 55
54 37
51 47
40 53
59 32
70 61
53 47
51 42
33 35
62 60
60 36
59 32
45 32
47 67
57 43
64 55
37 46
58 63
60 53
34 36
35 47
40 33
63 65
63 51
42 34
35 52
47 58
69 50
60 30
48 37
61 58
44 64
34 55
34 40
66 39
47 37
34 52
56 60
61 40
40 55
54 70
59 36
68 32
47 51
34 53
45 65
39 42
32 42
53 51
45 38
52 47
33 58
32 46
40 57
61 53
69 69
62 37
45 43
33 30
65 46
45 33
66 51
62 55
43 39
35 48
38 37
33 65
60 42
61 53
48 38
45 65
63 66
65 65
40 39
69 70
46 48
64 68
51 35
