100 1000 1606
30 53
64 68
30 57
33 32
37 51
32 56
55 65
45 41
59 58
45 32
44 33
44 58
69 65
54 50
53 31
66 35
46 39
61 30
59 37
54 63
31 56
48 70
46 53
50 35
70 38
40 43
47 41
50 61
52 60
68 57
66 32
70 67
63 50
50 57
56 52
61 61
37 68
35 60
30 46
49 63
35 55
33 52
30 39
36 53
64 50
49 32
32 55
63 30
63 47
64 58
47 49
63 33
60 60
56 50
34 64
67 50
36 30
52 50
41 60
33 57
34 64
67 70
38 33
48 37
63 66
48 63
50 67
56 33
55 40
65 45
66 30
46 67
43 30
32 69
35 32
67 57
49 67
51 67
49 47
58 48
34 58
61 39
60 64
45 53
46 52
63 57
50 57
40 48
70 52
57 49
61 65
33 69
35 36
58 35
41 67
57 66
70 51
49 40
55 47
59 46
