100 1000 1533
69 35
60 65
54 56
47 35
65 58
70 66
70 61
67 40
46 62
42 50
40 53
34 65
51 42
49 64
31 45
48 33
56 35
49 32
65 34
32 54
69 55
59 47
44 55
35 60
36 67
47 32
54 62
55 61
45 59
55 31
67 50
61 57
31 51
54 45
67 37
70 57
38 54
30 49
67 31
68 37
58 40
34 43
38 56
59 55
37 41
45 57
43 44
44 62
50 66
48 65
35 49
69 54
66 69
33 63
47 30
67 38
37 57
33 61
63 42
47 53
61 38
59 61
40 67
50 38
56 54
66 53
51 33
46 33
37 31
65 45
47 68
39 55
39 31
53 35
36 54
52 43
44 37
35 36
35 35
40 37
64 50
52 68
56 39
49 32
36 35
65 64
46 61
32 37
42 30
44 65
65 55
59 50
34 70
47 40
49 43
56 44
60 35
52 48
55 51
70 34
