100 1000 1599
41 48
56 64
34 58
46 64
45 34
43 37
54 60
65 30
55 33
31 33
63 53
50 68
34 41
52 40
50 44
59 43
46 31
68 53
59 34
61 54
30 69
67 36
59 32
62 60
41 48
57 65
56 39
63 38
48 52
55 32
59 37
30 69
70 42
34 40
55 51
33 54
62 66
50 46
44 39
65 56
40 38
35 41
44 30
52 50
44 59
56 69
38 45
62 57
47 65
31 40
61 59
63 43
42 33
47 64
53 47
57 55
43 59
48 57
60 53
66 52
67 51
34 49
31 63
32 70
35 31
30 69
41 44
38 37
66 60
59 53
67 58
38 55
42 70
39 68
49 41
63 59
30 36
45 66
34 50
44 63
54 49
43 68
39 37
32 42
32 61
47 55
70 54
49 47
53 33
69 58
61 61
58 32
51 64
65 44
31 35
33 55
61 44
69 50
70 49
32 54
