100 1000 1644
58 50
50 42
57 58
44 60
32 50
36 36
55 41
30 66
66 61
56 49
33 56
69 53
68 30
43 41
52 67
37 59
50 49
43 46
54 56
65 60
39 55
65 59
58 44
40 56
32 43
41 33
40 34
33 68
59 48
38 59
30 66
63 67
55 46
56 50
37 60
38 56
30 35
61 69
52 70
60 32
67 35
59 68
60 54
58 40
53 50
35 47
54 39
56 50
60 50
33 39
32 61
56 70
46 30
65 46
45 61
53 34
52 61
59 50
32 38
31 69
56 37
37 43
36 41
59 33
49 60
38 54
33 68
38 55
42 39
46 37
61 58
32 63
31 68
66 70
30 65
44 35
41 32
58 41
68 57
40 52
57 68
67 50
42 62
65 36
62 42
30 37
57 35
42 39
54 63
38 66
45 46
49 55
39 36
39 36
31 30
66 56
36 54
48 62
56 60
61 58
