100 1000 1566
44 30
57 45
35 64
48 70
44 46
35 68
70 54
63 30
52 63
49 31
39 45
61 34
66 58
68 65
67 50
54 68
39 57
42 56
34 48
33 44
37 63
63 51
34 41
30 42
48 40
43 65
63 35
44 36
54 59
43 43
64 40
34 67
50 54
30 66
54 32
51 60
49 69
55 53
52 37
51 45
63 38
45 34
70 57
66 48
65 39
54 64
68 38
58 66
51 59
40 33
69 45
43 48
61 68
40 58
35 33
38 53
59 42
68 52
34 48
51 59
65 70
48 66
31 44
40 49
31 44
36 49
41 44
42 35
36 65
30 55
40 37
65 46
67 32
31 30
65 50
56 30
53 34
51 64
38 32
54 56
41 30
69 57
32 43
44 41
64 57
58 38
46 47
42 32
56 70
67 36
39 62
63 32
34 37
38 46
38 46
58 49
33 64
32 38
30 59
32 53
