100 1000 1605
43 30
68 54
65 69
33 42
69 43
69 30
36 47
44 65
45 35
53 53
54 69
63 33
66 42
57 62
43 54
55 41
47 35
45 44
50 61
70 45
31 69
53 46
47 46
54 30
68 65
61 65
48 52
52 34
64 38
30 64
66 46
66 60
33 49
62 52
63 42
35 60
61 31
38 37
51 41
53 42
55 63
50 30
38 53
31 44
59 55
69 63
35 39
61 50
43 66
58 53
38 57
40 39
35 37
59 42
58 63
70 35
31 31
63 49
33 33
49 40
40 39
35 70
38 45
54 52
33 67
47 33
65 62
41 34
44 66
54 60
38 57
54 48
60 55
63 40
40 66
41 67
45 32
62 37
33 51
42 55
62 57
67 31
57 66
59 50
42 60
35 54
32 65
36 61
34 67
39 56
41 50
39 42
43 44
38 48
32 51
34 40
46 70
34 37
56 49
55 41
