100 1000 1607
37 45
67 66
62 42
67 70
30 70
32 46
34 46
38 57
68 37
51 55
53 38
41 40
66 52
51 65
46 61
33 46
52 62
44 43
61 50
62 33
66 67
39 58
51 68
30 55
58 44
39 33
46 42
67 45
61 39
46 35
63 41
69 49
35 44
66 53
33 55
66 40
39 47
41 43
60 58
43 59
48 55
67 70
39 69
49 37
66 49
38 34
44 67
37 37
63 34
49 47
52 42
30 51
46 33
57 62
62 70
70 58
39 43
41 44
33 44
48 38
60 56
67 45
31 57
68 49
52 54
42 44
57 57
38 36
31 59
35 59
60 70
45 56
50 51
56 34
49 62
31 64
45 36
34 44
38 69
35 50
68 66
70 49
44 69
68 59
37 33
39 70
56 63
56 43
32 57
32 70
60 38
52 31
53 54
44 30
47 37
62 47
42 65
66 47
65 44
43 50
