100 1000 1500
50 63
36 62
64 39
33 47
50 46
45 62
49 59
52 70
34 32
68 49
69 32
58 44
67 52
57 35
49 46
44 39
54 61
64 48
54 43
61 67
42 52
58 50
31 68
43 52
45 42
35 55
54 64
59 35
53 40
40 56
57 36
56 46
40 60
31 50
59 47
40 39
31 64
48 45
31 37
59 35
59 44
61 70
67 62
44 42
51 53
39 37
42 45
64 52
65 35
33 50
40 60
53 53
46 70
61 49
59 40
35 60
52 52
70 56
50 59
65 32
39 57
59 39
40 51
42 40
66 62
61 36
47 57
53 64
35 55
49 32
57 63
46 44
66 69
69 36
66 32
50 43
55 40
63 60
46 60
65 58
55 58
51 51
45 70
59 61
55 65
43 34
47 61
67 63
61 59
59 69
38 66
64 39
51 45
69 64
36 66
60 49
49 57
46 58
58 69
54 61
