100 1000 1572
35 44
46 56
33 57
49 41
31 45
56 42
40 39
70 68
62 34
36 70
63 48
50 38
64 33
52 38
67 33
35 38
41 65
40 58
48 61
41 34
33 49
53 47
52 59
69 60
63 37
42 50
44 63
46 66
39 53
48 56
66 55
37 40
51 45
65 63
47 33
66 70
61 41
68 56
39 67
42 57
35 31
65 50
69 46
45 63
51 33
39 39
57 66
50 61
31 66
59 55
66 36
37 42
65 59
33 60
37 66
65 41
64 56
62 58
31 58
53 53
58 69
50 67
43 47
51 61
70 55
66 37
59 43
30 63
46 34
55 47
59 34
46 34
41 48
62 31
48 48
50 38
60 52
35 65
52 68
49 36
38 56
66 56
62 48
57 42
68 42
37 61
62 37
30 51
30 32
32 33
64 31
31 48
36 32
43 33
44 59
68 68
35 55
61 39
48 42
48 38
