100 1000 1596
61 40
68 39
31 58
41 64
50 50
46 55
50 30
44 39
35 33
50 36
40 42
61 69
50 54
52 57
30 64
60 52
59 65
70 69
33 43
36 37
68 53
42 68
70 51
43 48
32 63
39 38
47 33
45 50
62 59
62 33
57 50
67 67
35 57
45 39
57 39
55 39
32 47
55 67
55 40
68 43
60 45
64 40
60 65
56 61
44 52
61 47
47 38
39 60
55 40
53 30
36 63
63 50
63 32
56 52
41 68
48 43
59 62
33 61
47 56
40 64
54 38
55 69
59 51
42 61
45 33
66 63
60 63
34 33
36 66
32 50
54 43
63 37
35 45
33 33
39 41
39 70
58 37
47 59
35 34
64 39
42 47
57 67
52 36
31 51
52 52
39 51
41 41
59 63
55 54
66 36
32 45
54 61
41 62
37 34
33 56
30 41
37 66
51 44
59 33
39 67
