100 1000 1456
46 52
52 43
43 44
32 70
58 52
66 47
46 48
49 35
41 48
36 36
40 46
69 69
68 40
49 53
54 66
49 33
45 47
48 62
58 51
58 33
61 35
36 57
58 40
60 40
68 67
51 65
64 39
56 32
44 63
67 44
49 58
49 65
68 51
69 48
67 64
35 54
48 60
51 37
36 32
37 59
55 48
61 63
62 69
63 36
42 38
40 33
42 44
36 37
51 62
68 59
64 59
34 32
56 51
42 53
36 54
47 49
33 37
43 37
65 67
32 31
59 66
43 52
34 41
63 39
55 55
44 61
58 58
30 54
33 54
70 50
70 59
48 32
32 31
52 58
34 70
60 30
62 70
70 64
62 44
33 64
44 64
49 41
63 50
36 30
59 47
68 32
70 64
66 47
36 68
38 40
65 61
31 42
50 45
43 43
51 65
40 55
66 33
39 33
48 36
60 68
