100 1000 1574
41 31
44 40
61 60
34 60
33 38
37 59
42 59
37 50
70 61
58 43
38 58
48 63
46 46
41 49
64 65
49 69
64 56
65 46
47 30
33 68
62 39
42 52
37 68
61 31
48 70
57 55
52 58
56 50
61 37
51 41
57 58
39 32
68 63
40 64
46 54
48 51
65 55
69 40
63 42
51 52
37 32
56 33
47 30
37 36
49 67
38 39
41 37
42 44
31 42
50 35
45 53
69 59
49 58
44 69
30 39
61 42
61 50
65 69
40 63
51 58
66 64
65 65
54 69
63 55
69 48
32 45
68 62
69 31
47 41
35 64
65 66
54 52
40 46
65 51
37 64
46 30
56 58
36 54
70 59
61 49
40 60
39 30
54 35
41 31
47 52
48 41
64 68
42 36
42 48
62 32
47 44
56 36
48 52
31 64
34 68
37 68
65 35
55 41
37 67
66 39
