100 1000 1486
69 58
57 30
67 66
36 40
64 47
49 49
43 55
48 57
43 33
48 46
43 42
42 56
49 36
68 38
32 53
40 47
66 58
66 65
30 47
64 33
52 34
45 42
32 43
41 35
48 32
69 43
33 57
51 52
55 55
50 44
62 47
46 38
68 42
58 38
42 60
55 55
48 56
65 44
67 36
39 34
32 70
31 38
42 51
61 51
58 40
44 56
70 69
55 58
56 37
66 39
37 42
68 30
63 54
63 30
31 70
62 30
39 69
67 31
35 67
52 46
61 46
60 46
33 32
32 51
58 36
46 55
57 62
38 34
58 43
37 55
53 59
37 63
61 59
39 57
55 46
51 44
32 49
70 66
66 48
38 63
53 35
52 34
62 54
56 51
41 34
49 44
55 31
39 30
57 48
70 70
68 46
65 43
36 57
48 58
36 37
70 30
60 61
37 36
34 57
52 55
