100 1000 1503
60 40
43 42
37 57
48 52
35 40
39 40
56 39
64 40
55 42
30 70
39 39
67 41
51 35
48 60
57 44
32 39
57 37
67 48
57 55
54 42
48 68
52 60
62 31
33 60
32 61
37 53
48 69
31 44
45 60
63 49
45 30
36 31
38 38
39 55
61 30
57 61
59 43
49 63
53 59
69 44
42 65
58 46
31 37
63 30
56 47
43 49
34 70
57 68
54 58
44 60
50 66
41 64
63 68
70 59
65 33
38 33
68 50
52 51
63 33
58 37
52 63
50 54
61 70
66 57
45 69
38 54
43 51
43 53
68 36
43 61
30 42
48 45
30 66
57 53
40 48
67 40
48 41
50 58
47 31
68 50
43 52
62 45
63 32
41 48
61 47
32 36
34 45
41 54
65 45
44 38
47 41
51 37
68 64
64 65
33 40
37 36
47 39
45 63
33 45
45 54
