100 1000 1610
66 69
44 62
39 68
38 32
63 48
36 54
67 53
38 63
55 56
34 41
63 44
48 57
55 62
65 52
32 37
70 63
70 47
38 60
56 58
63 48
33 33
40 39
37 38
40 67
35 54
30 33
39 70
49 34
39 39
52 37
55 63
55 43
31 55
37 46
47 38
68 36
36 69
64 69
56 35
34 40
57 54
37 49
58 69
37 46
67 66
46 38
48 41
37 50
53 34
42 30
65 70
30 64
56 55
30 33
46 36
55 48
33 67
34 53
39 68
63 33
52 67
59 31
65 51
58 41
40 70
43 48
33 68
40 36
39 31
64 47
39 46
30 40
33 31
45 54
63 68
37 70
30 34
34 35
62 68
33 33
63 33
59 62
37 49
44 31
48 69
60 31
39 61
39 32
63 41
70 33
31 36
36 31
70 65
49 69
54 60
40 65
66 39
60 31
41 57
70 64
