100 1000 1570
43 64
48 36
40 40
49 52
55 69
30 48
46 67
38 59
49 41
31 51
58 62
68 62
30 62
61 65
54 32
59 47
52 45
60 31
43 31
49 37
47 53
60 62
42 62
46 47
49 41
50 48
58 39
38 32
67 47
37 33
50 54
70 53
47 49
43 42
54 62
52 68
61 41
42 35
38 45
70 31
64 56
31 70
68 69
53 36
68 53
53 38
64 56
55 58
34 54
65 61
47 31
49 42
36 42
47 54
47 39
37 51
59 62
59 35
50 49
31 70
65 55
47 46
69 68
62 41
68 52
33 68
67 50
67 63
62 65
31 66
38 65
64 41
52 51
47 61
32 53
39 68
67 63
48 35
42 36
47 35
46 33
43 43
69 59
54 60
42 66
67 37
45 53
38 57
47 33
68 55
49 39
62 62
44 66
44 49
46 48
38 34
52 47
52 57
31 41
32 57
