100 1000 1488
52 42
54 59
36 54
46 48
45 48
36 52
63 34
33 51
52 43
49 55
58 62
43 44
44 54
54 43
43 32
68 54
47 51
55 63
33 44
59 63
30 39
53 61
68 69
33 41
46 31
65 48
46 58
30 46
47 41
62 53
40 43
46 50
51 48
36 63
57 30
57 66
70 36
37 46
34 30
42 51
65 60
56 47
33 64
56 34
57 57
69 51
37 64
52 39
57 38
54 70
60 58
59 55
62 49
39 34
59 66
41 34
65 43
69 51
41 62
40 34
31 70
40 36
37 45
51 54
60 59
42 59
38 66
46 49
70 59
56 58
66 51
40 61
68 33
65 59
46 55
53 31
31 51
44 34
47 36
40 69
53 49
60 66
68 43
31 61
62 60
51 31
46 54
58 37
44 60
60 33
62 33
55 33
45 32
56 48
45 50
40 53
62 33
51 45
45 48
34 50
