100 1000 1554
64 46
39 46
70 46
46 54
45 69
39 66
52 45
55 65
31 59
38 45
63 56
62 37
59 46
48 33
43 59
31 67
69 37
41 47
37 48
65 47
67 61
69 60
63 60
64 55
47 45
54 65
42 54
69 70
43 59
63 62
53 68
48 70
46 31
63 60
67 44
31 48
40 50
30 48
50 38
57 63
70 54
48 57
45 32
70 54
35 60
34 52
52 68
41 48
54 38
43 30
67 50
40 56
42 62
32 60
68 39
70 37
61 32
69 31
66 62
65 33
39 47
59 39
35 32
41 33
62 61
62 43
44 68
42 38
38 43
44 54
61 47
59 65
46 63
43 34
30 46
67 35
55 48
67 42
53 39
49 67
50 43
56 44
32 52
57 62
37 45
67 33
38 64
32 69
67 41
47 58
45 38
39 38
66 43
55 65
62 63
34 50
35 59
31 36
43 63
62 44
