100 1000 1563
68 70
49 30
65 43
44 64
49 64
58 62
63 44
65 47
30 47
62 53
56 36
36 59
57 63
45 44
52 61
49 50
50 32
61 58
51 39
34 52
45 58
37 38
35 65
32 45
45 60
44 51
64 33
37 43
48 51
39 69
43 45
56 40
34 65
54 45
32 31
57 34
60 57
46 49
47 40
62 44
45 35
55 43
36 65
67 36
38 36
64 34
51 44
70 33
62 59
58 48
33 67
31 34
37 46
38 56
70 45
61 36
61 68
46 33
60 48
61 47
30 58
43 30
49 47
45 69
52 67
49 59
67 30
69 57
33 30
31 47
34 56
54 43
37 42
50 31
36 70
59 41
44 42
70 51
39 62
42 50
59 55
37 66
51 53
64 57
35 49
53 61
62 46
64 55
70 44
55 44
43 59
32 32
41 70
32 35
44 45
49 38
52 64
64 36
67 70
52 66
