100 1000 1470
68 69
65 46
39 69
59 45
65 49
52 40
47 69
39 51
45 50
58 35
43 37
56 38
38 42
52 38
52 33
54 40
41 43
41 42
63 69
64 36
61 65
47 46
61 68
30 30
37 42
60 70
52 47
62 64
66 54
36 59
63 39
57 31
65 68
55 46
49 65
42 32
53 70
58 36
57 62
62 31
31 59
69 49
52 45
69 49
68 43
41 31
41 67
40 43
40 32
35 61
52 43
54 47
68 58
48 44
31 50
41 45
37 69
46 49
50 50
47 65
38 36
68 66
61 53
34 64
37 52
45 55
69 45
54 32
56 70
37 30
50 39
44 68
41 36
48 51
46 53
56 65
66 59
49 64
64 39
39 47
56 59
49 68
50 56
35 53
51 54
54 34
32 56
54 51
59 66
59 34
61 66
37 30
69 70
42 58
60 32
59 68
65 49
54 62
49 46
31 38
