100 1000 1504
37 62
37 39
62 70
53 33
68 35
55 34
54 55
43 39
33 64
45 45
41 64
45 45
39 45
65 66
65 49
45 32
51 40
68 44
53 59
32 52
54 70
61 64
49 34
70 41
57 47
53 70
47 64
52 35
65 44
45 53
56 36
62 44
54 70
62 65
49 52
40 50
62 35
42 39
59 36
69 42
39 49
31 61
48 45
48 33
31 55
34 54
43 30
41 40
42 45
55 55
52 68
43 38
51 34
55 32
66 67
42 51
45 32
42 64
39 40
59 43
53 40
62 58
46 45
57 44
60 69
67 46
33 31
36 63
55 34
51 68
70 66
43 52
54 32
49 32
66 59
67 42
60 39
58 60
63 44
60 33
42 55
30 44
60 45
61 65
38 60
50 42
53 70
30 65
37 45
30 63
56 47
43 33
58 35
49 48
59 55
38 66
53 64
51 31
45 34
67 32
