100 1000 1554
52 54
59 67
64 52
35 43
36 61
42 43
68 66
37 45
45 66
55 40
55 58
51 59
69 66
52 56
63 64
44 38
69 54
69 70
43 67
48 64
55 44
60 34
58 45
31 54
45 69
63 36
44 32
48 57
60 38
69 66
36 56
69 50
43 38
69 58
66 60
35 48
31 33
55 66
56 63
47 62
43 69
55 48
69 34
69 38
33 54
40 59
68 44
35 57
61 60
67 64
57 34
39 32
33 48
64 58
56 34
66 34
53 47
63 58
66 64
55 54
42 38
55 59
36 52
65 48
50 54
32 57
32 60
60 68
64 59
55 48
63 49
46 54
47 30
32 40
42 47
30 69
52 53
66 60
34 32
40 50
52 56
52 62
58 50
65 30
51 65
34 64
67 51
53 63
35 49
59 37
69 33
33 55
48 46
61 63
61 69
64 59
43 37
40 69
34 67
66 69
