100 1000 1510
52 62
51 53
35 40
32 57
56 61
41 38
50 39
60 54
44 50
40 70
32 57
54 31
42 50
54 52
69 35
46 55
50 62
68 49
30 34
40 67
31 61
44 31
65 62
46 50
41 62
36 69
31 50
36 69
46 36
62 66
48 60
39 39
57 57
43 55
64 37
51 53
36 58
46 65
44 30
65 67
66 36
54 54
69 48
40 50
39 45
32 41
42 48
47 38
68 55
55 57
32 64
33 32
44 35
68 53
32 46
54 62
33 33
62 56
52 45
66 46
68 43
66 32
46 37
68 38
36 35
62 48
40 51
40 37
41 55
68 42
54 67
36 32
64 56
55 44
59 35
49 34
52 46
50 38
59 46
40 48
45 58
54 38
45 30
33 54
44 46
40 55
40 66
70 68
65 41
45 57
41 37
34 46
65 70
68 58
66 55
43 51
44 41
61 53
69 37
59 42
