100 1000 1589
32 31
36 60
43 46
56 40
35 32
48 43
31 45
60 54
50 48
66 48
35 65
46 51
30 65
46 64
37 60
43 42
35 55
38 49
54 57
53 62
39 62
50 45
50 31
38 61
31 60
38 54
63 66
34 48
31 35
49 44
37 59
33 47
46 30
37 64
58 49
38 47
56 58
70 64
65 59
61 44
50 45
54 57
59 66
40 47
56 49
59 40
43 37
58 42
45 33
62 42
62 47
36 42
40 39
64 41
60 49
50 65
52 43
63 61
44 50
36 64
60 64
70 34
60 47
60 61
50 37
37 30
31 31
34 55
50 61
41 39
44 49
54 64
44 41
32 48
70 42
47 58
38 59
30 36
50 49
68 58
36 65
63 37
45 44
31 69
35 43
64 57
31 53
47 53
45 67
41 54
58 59
68 52
69 39
64 64
66 66
44 39
46 57
51 44
36 58
60 35
