100 1000 1507
36 35
54 56
60 66
37 38
63 53
50 64
57 51
62 33
63 63
31 50
52 53
58 58
44 32
38 66
65 53
31 58
55 66
44 31
54 53
52 38
55 59
39 33
61 59
57 34
62 67
42 53
59 62
49 55
50 62
45 52
66 55
62 35
68 64
60 64
52 35
33 67
49 34
52 45
64 43
33 49
42 50
50 32
50 59
68 60
40 68
46 60
70 49
48 59
36 61
42 47
67 52
60 63
58 35
65 68
38 66
59 48
53 51
55 68
49 67
30 45
60 68
44 67
62 34
57 67
52 60
38 66
60 68
58 38
59 34
53 63
48 52
63 65
36 49
50 62
57 52
30 59
45 44
43 51
70 60
41 61
30 54
60 40
63 36
51 55
48 51
66 60
58 59
33 57
53 36
43 43
47 54
34 36
46 61
56 54
70 58
54 67
52 67
42 47
40 40
44 57
