100 1000 1535
64 65
36 49
32 32
42 31
64 62
43 40
33 30
36 41
56 61
54 43
32 69
68 63
61 44
35 43
67 32
54 52
32 41
36 69
64 43
30 49
42 63
33 38
42 53
46 48
38 30
56 37
56 70
55 38
69 65
34 50
63 57
65 69
65 59
44 40
55 39
59 56
70 68
49 36
63 61
49 56
56 45
37 67
64 66
68 35
66 46
49 52
55 45
62 62
62 57
36 47
43 64
32 68
54 36
36 39
43 51
70 58
41 67
67 45
35 63
49 70
55 41
58 60
62 63
52 32
35 62
35 66
70 48
54 37
47 31
58 48
41 32
61 65
70 70
51 58
43 38
62 33
40 52
33 56
62 49
64 43
31 67
69 35
34 39
35 50
55 45
62 31
42 31
42 45
45 61
56 35
41 49
52 55
44 51
60 64
38 48
58 46
59 65
53 65
51 36
55 45
