100 1000 1454
68 38
38 51
43 47
38 49
44 65
52 42
65 33
45 35
57 47
45 60
38 41
60 53
50 36
58 44
60 38
35 61
56 53
32 55
42 63
50 40
46 54
46 53
59 64
70 58
35 34
32 58
66 52
49 48
37 51
62 55
67 46
58 35
67 61
61 70
33 40
46 51
59 32
65 58
60 64
40 32
56 51
70 56
49 52
37 49
49 68
69 52
54 40
65 52
54 46
52 44
66 39
38 43
63 41
34 47
62 37
43 40
56 58
52 33
47 45
35 61
31 63
62 45
61 69
62 41
63 55
52 34
63 37
36 51
44 55
70 61
61 43
63 55
47 40
51 57
69 55
66 66
68 41
37 33
41 38
69 58
65 48
33 57
40 48
56 32
35 68
39 53
58 50
56 45
65 59
51 45
65 57
48 35
36 63
67 42
55 68
61 55
37 56
67 66
62 31
49 58
