100 1000 1519
44 33
36 58
30 62
50 70
68 40
62 70
37 39
67 61
54 66
48 62
36 42
36 43
56 58
30 59
66 67
43 50
51 30
36 47
54 30
32 61
63 59
52 41
58 70
39 34
51 69
41 59
37 48
50 61
32 40
61 59
56 68
36 40
52 60
59 33
54 30
39 53
35 66
33 39
56 37
60 53
50 31
37 44
41 52
48 47
45 69
38 61
49 34
43 55
44 43
30 35
41 45
67 35
65 68
53 55
40 32
68 61
67 70
43 64
42 48
68 32
36 48
39 52
37 58
68 31
53 43
61 51
60 68
41 68
41 37
46 44
52 65
57 40
40 47
62 49
60 37
37 36
57 55
42 70
42 51
43 59
52 45
44 68
38 44
69 52
70 60
40 48
42 49
47 65
66 30
63 54
50 47
64 56
69 69
45 54
60 30
45 57
33 35
53 68
32 35
31 62
