100 1000 1557
54 67
64 70
53 44
58 36
48 59
52 54
56 52
68 67
38 56
43 62
51 32
39 48
61 63
61 36
63 48
54 34
48 68
33 30
57 47
48 69
47 57
32 52
54 41
57 31
70 58
58 39
59 35
38 64
43 59
40 41
45 54
40 59
38 65
39 58
59 54
30 34
46 31
34 61
41 43
56 30
49 51
62 30
64 53
30 31
35 40
31 31
47 37
35 35
53 53
38 50
70 44
35 51
43 50
49 50
40 67
54 67
59 64
37 64
47 35
57 61
40 55
31 65
50 51
65 39
37 59
58 41
37 60
30 65
45 39
67 67
39 55
51 69
55 44
70 67
66 50
47 65
66 61
57 37
48 66
68 55
45 30
31 47
33 58
55 59
59 52
38 42
39 47
39 38
65 35
65 69
68 64
31 46
67 50
43 61
55 69
47 40
65 48
38 52
70 43
63 65
