100 1000 1552
65 35
30 69
35 58
70 50
51 30
52 48
62 61
59 67
34 45
44 55
61 69
48 67
68 70
63 36
38 36
35 68
65 62
60 59
63 64
65 68
49 56
40 46
46 41
50 69
49 51
52 65
56 62
44 51
53 66
48 38
34 39
68 42
51 54
49 68
46 38
61 66
47 31
32 67
63 46
66 67
41 47
41 49
60 57
53 40
53 46
38 50
58 59
61 56
57 61
40 45
36 65
31 60
47 39
64 70
60 61
46 69
33 59
30 44
32 41
39 53
42 37
68 56
69 56
32 50
38 60
60 68
49 64
34 68
46 63
52 37
35 47
42 35
70 42
51 62
46 41
34 66
58 34
60 55
70 61
33 43
44 55
44 50
52 57
52 39
63 67
65 37
69 51
40 47
55 51
53 60
52 58
52 40
58 69
67 60
55 59
44 58
58 55
52 40
40 63
34 39
