100 1000 1575
59 40
37 70
31 36
62 63
52 57
36 42
41 48
70 58
63 48
66 32
60 64
34 44
40 47
33 45
66 57
31 56
55 47
39 33
63 34
53 34
53 33
48 42
53 33
42 33
47 39
46 32
42 38
66 62
49 65
38 55
51 36
50 36
37 64
55 49
43 59
61 43
65 70
52 66
40 70
58 40
63 55
33 33
63 35
49 56
52 59
32 63
57 36
64 60
43 68
65 41
38 30
33 62
51 33
60 62
57 50
39 32
49 51
45 48
42 42
47 40
58 54
55 52
53 41
63 51
42 30
54 50
34 45
51 66
38 55
33 56
42 65
50 46
33 55
31 32
34 61
33 34
59 40
37 54
45 69
52 54
36 56
43 64
49 31
56 64
59 53
64 39
59 52
67 64
67 37
33 70
55 65
65 45
69 67
41 59
56 44
34 31
44 56
67 63
34 65
54 40
