100 1000 1495
32 53
45 31
44 43
46 53
51 52
35 48
42 55
49 34
44 56
52 57
51 66
60 61
48 53
43 70
62 37
56 40
58 66
34 51
67 42
35 46
38 61
37 63
42 48
52 61
53 35
32 39
70 37
53 34
56 41
43 64
36 31
42 66
30 38
45 64
38 61
61 54
56 31
61 38
63 43
37 63
58 70
44 61
64 34
53 51
35 47
33 34
48 52
66 54
41 39
59 40
69 60
43 43
67 65
57 41
70 55
34 51
41 49
58 37
46 49
60 49
44 46
55 56
41 39
59 46
32 48
70 69
42 61
34 43
36 41
41 57
57 53
64 32
51 51
45 66
49 62
32 46
50 55
56 58
62 54
42 36
44 36
42 39
60 62
36 52
46 55
57 53
35 56
32 46
69 39
33 55
32 30
39 30
63 30
60 44
53 47
66 66
37 41
43 51
62 30
42 64
