100 1000 1744
32 60
58 47
51 48
48 46
49 33
43 32
61 40
69 41
35 37
34 67
59 63
49 52
66 59
59 65
70 31
54 70
56 62
48 43
40 30
40 55
50 62
37 31
30 68
70 37
50 38
51 42
43 62
31 36
52 50
65 30
38 68
31 59
67 58
36 50
36 61
37 41
70 34
38 69
36 31
35 55
69 33
35 33
35 54
65 45
69 45
49 55
32 65
48 56
31 69
40 47
30 54
51 53
31 70
50 34
32 41
31 69
37 60
49 55
50 60
43 63
30 68
60 33
30 59
31 31
35 32
62 68
40 70
65 41
40 57
38 31
55 68
44 39
62 41
30 40
31 58
38 58
70 34
39 59
68 70
54 64
44 55
32 51
39 54
44 65
49 45
66 51
46 62
35 44
44 50
58 69
38 31
65 42
49 58
67 33
48 41
63 50
41 64
67 54
34 46
65 63
