100 1000 1466
37 41
63 42
58 68
63 31
34 46
38 62
48 57
30 33
56 67
69 70
54 33
40 68
61 68
35 44
61 61
35 33
36 61
47 30
37 49
64 46
65 39
43 57
67 40
59 58
67 32
36 31
68 49
41 59
51 41
41 43
58 36
44 37
64 32
66 69
35 64
39 65
55 63
32 36
70 62
39 54
35 42
54 34
67 35
51 34
56 38
37 48
55 63
49 43
46 57
32 43
58 33
60 58
47 55
48 48
62 40
42 48
67 52
60 41
57 70
35 59
51 31
65 45
38 42
42 33
69 55
63 32
45 38
43 58
65 64
43 32
47 39
67 34
61 68
34 30
70 60
37 53
45 45
38 59
43 64
31 56
57 61
59 55
66 56
64 70
50 58
33 49
69 68
58 56
42 41
63 41
57 45
43 31
65 62
63 42
36 53
54 62
64 70
35 37
32 69
57 55
