100 1000 1519
44 31
59 65
60 58
58 59
34 35
64 34
47 57
67 32
68 56
34 37
70 60
33 52
52 56
46 70
43 48
34 41
54 62
65 46
40 67
40 49
59 41
35 53
46 57
64 48
44 50
65 56
48 68
65 35
45 49
42 64
67 39
40 50
63 32
38 59
59 70
43 39
61 61
58 49
61 39
43 60
68 50
69 58
56 48
68 44
53 54
42 65
67 67
51 66
67 43
44 35
46 50
56 44
54 38
31 36
42 65
52 69
68 33
40 70
31 36
30 52
34 67
32 59
62 48
60 55
50 53
32 41
62 42
70 37
34 34
64 46
41 44
62 37
69 46
53 37
61 34
59 30
66 51
68 57
53 70
69 46
59 60
63 47
40 53
54 31
55 70
51 65
70 38
39 64
33 44
60 34
68 43
64 60
67 49
62 58
43 70
38 67
41 37
35 58
47 51
45 34
