100 1000 1526
62 56
44 52
67 63
43 59
35 38
64 69
44 34
38 36
40 58
64 70
31 34
66 49
59 41
62 50
54 43
43 50
35 64
39 43
45 43
61 59
37 38
43 61
56 63
47 36
33 37
56 54
67 67
65 42
62 41
36 58
35 36
49 32
44 41
45 45
30 37
49 66
64 69
65 69
65 44
50 47
61 43
56 54
61 47
49 31
31 67
32 56
69 49
69 54
32 54
52 38
64 34
32 54
57 68
50 51
70 70
58 59
35 39
67 44
65 42
38 59
42 70
35 42
30 42
35 59
46 67
54 70
32 52
35 48
66 35
60 50
40 51
35 57
30 49
56 43
48 47
63 50
47 33
59 36
60 37
40 60
45 66
34 55
65 40
52 62
69 65
34 51
69 31
34 50
64 64
70 38
64 55
51 30
50 37
61 60
47 51
50 59
55 70
64 55
46 55
60 57
