100 1000 1645
31 44
68 41
35 47
51 59
33 44
63 68
61 39
50 50
34 46
55 65
52 47
51 35
38 51
35 69
35 51
51 42
50 70
38 52
55 30
45 37
46 62
47 62
52 53
59 58
66 69
41 48
53 51
56 65
69 65
41 68
51 45
36 51
50 65
30 54
36 69
57 52
36 60
32 54
62 44
66 70
48 31
40 45
69 67
36 53
39 45
38 69
65 62
33 61
40 33
51 38
53 59
70 52
54 30
34 69
70 32
43 46
68 34
52 63
33 53
61 49
36 56
54 36
58 56
54 51
46 69
48 59
38 57
64 40
37 43
65 65
34 55
42 62
40 61
52 38
68 49
43 52
32 69
39 58
38 32
51 38
69 57
34 43
52 49
40 50
53 51
64 34
62 33
32 58
37 62
44 64
56 55
46 67
39 66
61 67
30 35
36 43
30 39
43 67
46 44
53 66
