100 1000 1582
30 45
37 34
34 65
68 31
52 53
46 39
37 34
58 64
42 32
68 63
57 34
54 50
41 52
33 65
64 47
66 69
44 45
50 37
59 69
49 47
36 61
47 61
37 62
57 52
63 56
41 70
35 33
48 61
50 60
49 45
35 67
46 39
52 63
37 54
68 36
35 61
65 40
70 35
43 60
66 36
57 60
40 59
52 36
50 47
46 63
30 56
68 45
32 54
63 51
43 69
65 42
47 50
59 41
43 58
42 58
60 53
36 41
69 42
61 53
38 58
47 30
58 40
62 54
35 31
42 41
34 45
55 66
56 43
41 55
32 43
44 58
55 34
49 52
40 60
54 43
61 68
33 47
63 40
34 65
69 52
40 62
64 59
42 33
41 69
52 67
70 63
70 66
46 57
38 51
55 59
69 33
41 32
58 50
47 36
37 61
44 60
60 56
61 49
45 58
57 65
