100 1000 1515
59 39
68 39
36 50
42 52
38 39
64 56
35 45
54 69
68 56
51 65
34 62
46 35
30 55
49 35
45 34
38 48
38 60
49 63
60 50
37 48
64 65
61 63
67 68
37 50
47 44
57 55
36 64
67 46
48 35
52 57
44 56
33 63
60 39
69 32
45 51
51 50
32 63
62 34
50 60
59 39
62 38
55 45
50 35
50 35
45 31
70 48
56 45
42 55
60 51
38 39
56 46
44 49
38 64
44 68
61 63
70 62
37 57
51 68
44 52
59 48
58 55
39 38
68 32
31 37
54 59
58 55
38 51
60 32
59 61
56 39
65 68
31 53
63 45
36 48
52 33
45 54
53 68
53 35
59 61
52 34
30 63
49 62
30 63
38 37
60 30
35 47
34 41
65 64
43 66
56 62
55 36
54 46
65 69
36 30
63 64
43 55
60 34
37 31
40 48
67 34
