100 1000 1485
51 34
49 52
69 69
66 64
51 65
59 66
31 30
54 64
33 50
47 55
65 36
50 41
32 35
34 70
31 33
68 60
31 39
32 59
39 57
69 36
38 34
62 32
46 59
33 46
65 59
34 64
40 65
62 35
60 50
65 46
34 36
64 70
51 69
44 59
57 32
70 68
70 30
51 34
65 49
39 41
58 57
63 39
62 30
30 40
48 56
45 42
61 37
55 68
42 62
38 32
54 34
70 33
41 52
52 34
66 59
47 42
41 32
45 54
56 52
39 51
68 59
42 55
64 40
45 57
40 54
53 31
43 65
49 56
36 49
58 68
67 51
67 41
37 31
46 64
63 50
70 34
67 62
68 70
30 44
58 46
45 52
39 70
59 49
30 50
57 43
60 58
63 51
50 47
51 43
69 31
45 67
50 67
70 52
52 66
32 64
55 53
47 42
50 60
68 31
60 39
