100 1000 1522
42 62
44 69
62 61
54 70
63 37
36 47
50 53
38 51
64 32
32 69
39 59
63 61
35 69
53 48
64 41
39 46
59 59
36 63
64 60
70 40
60 39
55 37
56 33
56 66
62 68
36 70
67 60
50 55
47 49
42 33
68 68
44 69
56 59
59 66
57 70
60 47
40 41
41 46
31 35
62 54
48 36
62 52
48 55
65 66
30 37
66 65
68 45
39 65
62 40
56 64
44 67
60 36
47 50
48 70
67 36
54 52
60 46
55 34
56 61
70 70
40 48
37 58
42 39
59 44
58 52
55 32
49 60
66 68
55 36
46 45
48 57
61 68
54 49
64 36
55 40
41 62
40 48
58 30
40 37
38 36
52 67
60 69
36 69
59 32
43 41
51 67
30 54
36 55
61 32
48 32
32 36
54 53
69 70
65 55
42 38
59 45
56 68
49 70
63 63
47 43
