100 1000 1586
33 50
67 44
63 47
67 43
42 39
63 44
32 62
41 46
34 49
37 47
38 30
41 63
46 36
70 35
52 45
47 32
60 68
56 31
57 61
45 53
58 34
70 61
33 53
33 37
57 66
54 49
70 30
40 69
70 64
66 38
64 40
48 63
54 33
35 52
46 69
37 40
35 66
61 37
49 52
55 69
35 51
51 62
47 38
38 34
32 33
35 63
65 36
63 58
35 55
43 46
47 45
66 70
57 45
65 65
33 67
61 51
64 52
67 52
57 38
39 54
68 67
52 62
65 55
33 39
49 33
36 50
34 49
39 45
56 42
58 31
43 41
68 39
70 38
69 40
47 69
59 70
31 69
43 40
34 48
55 65
70 59
34 69
63 63
47 40
45 40
34 48
59 64
63 47
35 61
60 58
55 30
32 38
69 70
65 63
69 43
33 50
45 61
33 65
44 42
30 42
