100 1000 1569
36 38
55 32
41 63
33 49
40 52
53 33
63 33
64 62
40 69
61 31
59 52
51 49
70 50
30 48
32 68
68 62
43 64
48 50
61 70
32 33
47 46
54 32
68 41
47 56
33 41
34 43
36 67
60 60
33 30
43 42
43 34
52 62
36 57
40 47
37 53
32 55
69 55
63 60
49 47
61 41
36 30
30 51
68 35
52 70
39 64
30 41
32 58
54 69
45 60
60 61
33 58
32 61
32 30
33 31
51 34
49 65
52 46
44 60
45 36
57 43
38 33
35 40
64 47
38 46
39 38
48 30
49 70
32 45
60 54
42 38
46 49
68 30
57 42
60 64
39 40
51 62
33 35
50 60
43 54
55 55
58 43
46 37
64 30
41 42
52 53
59 65
37 31
34 68
31 69
56 61
51 32
55 68
55 39
47 51
53 49
68 38
50 58
49 39
66 62
65 31
