100 1000 1625
48 55
62 61
33 53
49 67
32 42
37 54
42 37
56 50
34 53
33 30
65 44
38 59
36 44
55 47
67 32
36 36
40 70
60 40
64 46
40 68
42 49
34 35
35 34
68 41
50 30
58 37
34 58
62 39
57 42
32 51
54 38
46 36
69 59
37 49
36 30
62 39
44 41
63 64
36 57
31 68
66 33
67 52
70 50
38 67
58 55
45 49
64 35
34 62
51 31
63 37
36 40
45 64
48 59
62 58
53 58
43 64
53 39
69 56
70 31
62 34
59 61
36 64
43 42
35 53
70 50
60 34
67 50
53 63
63 34
60 35
64 70
41 53
64 63
34 57
64 41
34 70
35 50
33 41
38 53
47 69
38 63
69 66
40 57
69 53
69 61
39 61
58 36
61 67
46 69
30 44
66 59
51 57
65 39
59 46
66 36
64 44
32 37
41 36
63 38
33 67
