100 1000 1518
63 46
64 46
43 31
68 56
33 59
63 58
49 36
40 48
63 49
67 50
42 54
62 52
58 49
60 68
38 68
55 34
32 65
54 41
50 39
53 66
38 42
67 63
42 40
44 47
38 51
32 53
60 58
60 70
66 40
64 40
51 52
60 65
34 31
36 44
37 44
49 46
34 55
69 33
42 38
46 33
70 69
61 48
48 65
68 48
40 53
45 42
54 42
38 30
56 39
31 44
58 39
66 37
47 66
46 33
67 66
30 32
48 66
50 31
67 39
60 57
40 35
36 66
49 35
62 67
39 44
42 53
30 50
69 62
33 47
47 65
32 42
62 55
43 32
36 51
67 53
49 37
33 65
55 41
49 40
67 58
37 65
60 35
31 47
40 68
54 61
37 37
44 38
39 56
45 49
33 38
40 60
69 31
53 53
39 46
34 55
43 48
37 37
34 32
69 66
43 30
