100 1000 1593
66 69
51 64
31 35
33 55
52 66
64 46
63 69
34 68
40 53
62 57
63 66
42 62
34 35
57 60
34 44
30 59
38 57
56 50
61 69
65 69
41 43
63 66
35 64
59 59
67 54
64 36
67 58
49 63
44 61
59 51
60 46
65 60
43 55
43 32
49 37
56 42
58 52
59 68
40 62
32 57
61 54
58 45
45 65
65 67
49 30
39 48
35 55
46 49
42 56
64 43
41 49
68 64
54 36
49 42
59 34
69 57
54 67
67 60
59 41
44 61
32 42
44 51
42 67
53 36
30 34
43 65
65 42
44 58
69 54
53 51
50 60
40 54
68 56
44 39
63 64
44 60
39 70
41 53
59 62
48 68
52 61
69 67
58 32
30 47
45 44
53 66
36 49
70 48
36 64
55 31
31 60
57 41
50 62
34 48
33 67
56 69
32 66
50 63
59 39
38 56
