100 1000 1558
41 52
53 30
56 50
46 39
59 61
45 55
35 57
36 61
70 48
34 64
61 62
62 41
39 52
31 51
45 31
35 45
43 44
49 38
39 69
30 67
68 59
57 46
52 52
66 30
45 57
63 50
53 64
32 65
33 41
55 35
39 32
44 68
30 44
53 59
47 66
38 31
47 64
63 60
58 57
50 67
48 36
50 61
53 61
39 54
54 32
45 53
67 47
41 40
64 35
39 51
65 43
30 49
38 59
58 49
58 65
48 46
57 66
42 56
54 62
54 48
33 54
41 59
44 53
61 32
42 50
39 38
34 36
33 63
57 68
67 50
70 60
47 39
66 31
65 37
61 31
69 51
60 49
44 62
35 45
63 63
55 37
49 60
48 41
39 47
58 34
44 62
34 64
42 64
65 62
38 30
69 68
33 53
36 39
64 33
57 43
51 61
70 39
40 49
49 52
63 47
