100 1000 1635
33 45
43 48
62 49
31 50
50 69
43 57
60 61
62 59
66 59
47 40
34 56
31 66
50 38
37 48
34 33
41 60
45 50
58 31
54 33
44 44
38 65
59 38
31 32
54 31
49 35
33 69
30 49
65 34
36 54
42 51
66 59
65 62
58 68
44 53
69 39
44 54
37 67
53 67
41 60
57 42
39 58
47 64
36 59
58 45
30 37
45 57
66 34
60 45
53 41
38 64
48 46
31 38
65 48
44 58
30 33
38 32
42 67
37 53
58 33
69 68
66 67
54 45
41 55
69 33
46 54
62 59
33 37
68 48
63 61
52 55
39 58
55 59
70 67
30 66
34 53
53 48
53 48
50 63
61 62
38 69
57 46
64 36
69 39
36 40
63 44
37 45
58 43
40 51
37 67
42 51
40 67
62 30
40 69
48 32
30 34
43 70
42 53
66 37
52 62
37 61
