100 1000 1485
65 54
45 59
30 31
64 58
31 33
42 51
45 65
54 64
33 50
70 37
55 49
42 60
51 31
68 70
34 59
33 32
53 52
55 63
42 49
68 47
32 44
56 55
36 45
64 43
37 41
37 41
43 40
69 48
67 56
49 49
53 59
46 64
63 45
64 59
54 66
66 69
48 44
47 54
45 37
52 34
66 53
67 58
67 32
52 36
65 70
64 38
63 69
64 65
70 41
63 46
31 51
35 59
43 39
66 67
32 33
47 38
32 39
35 66
51 48
59 61
40 67
45 32
30 47
31 37
38 54
58 62
30 31
63 61
61 34
55 67
45 66
38 34
40 43
65 53
66 61
49 31
62 51
34 46
59 59
47 30
30 60
64 57
49 56
44 65
50 66
68 67
62 53
34 65
58 35
52 40
33 46
48 62
59 56
66 33
44 58
62 58
38 52
43 64
46 64
52 53
