100 1000 1544
49 54
40 45
61 40
31 49
34 35
70 62
56 43
62 34
70 45
42 38
39 61
37 39
60 65
66 48
36 44
49 34
70 64
35 60
45 47
48 65
40 49
30 64
47 70
55 68
37 47
63 60
49 70
48 39
49 70
47 32
42 37
52 55
51 59
63 35
58 52
32 39
34 56
46 35
53 61
64 55
51 35
63 68
43 56
68 53
46 46
45 49
50 41
38 38
37 40
48 55
66 39
33 59
64 39
63 33
70 33
56 59
32 68
45 52
30 64
33 39
44 56
36 34
48 57
41 30
31 54
61 36
70 36
32 47
31 38
52 43
63 68
67 56
52 40
38 50
37 69
66 69
52 45
43 48
50 70
48 57
62 39
45 46
57 51
63 59
55 63
30 44
38 45
38 49
60 57
59 43
68 34
47 53
57 33
47 70
34 47
32 47
33 59
42 39
35 49
40 40
