100 1000 1427
42 64
47 67
30 38
45 43
42 42
60 41
41 52
48 61
67 33
42 49
30 42
69 47
40 41
59 52
67 40
42 64
37 70
65 41
55 35
38 32
68 69
35 61
46 56
62 48
67 69
70 58
65 38
45 42
42 49
68 37
52 45
70 44
64 56
32 36
62 52
54 69
64 51
45 39
36 37
41 48
49 47
31 37
65 49
70 48
65 66
70 61
48 41
55 45
64 53
66 48
58 56
47 48
37 60
45 50
41 31
31 37
45 65
38 66
34 51
30 34
64 31
56 48
61 35
57 46
67 60
49 53
67 56
31 56
50 31
62 62
48 33
44 34
64 62
44 51
56 31
50 34
51 44
63 32
68 38
70 38
70 49
64 31
49 34
60 36
33 49
61 51
62 39
32 61
47 37
32 59
67 50
56 51
59 51
61 44
58 54
32 43
62 55
54 63
63 37
36 41
