100 1000 1535
51 43
59 41
54 49
63 50
59 64
62 63
66 34
60 65
34 64
55 38
58 41
32 44
68 66
58 52
68 49
65 33
33 34
59 42
69 40
45 50
53 35
40 60
50 40
35 66
52 34
53 38
60 39
67 50
64 55
59 50
69 54
62 40
68 50
39 49
34 48
32 37
48 34
65 64
51 40
35 40
66 37
53 54
48 54
68 40
61 47
46 68
61 68
31 47
49 64
46 63
54 55
47 30
57 65
47 68
38 44
40 63
38 55
62 42
31 64
50 52
66 48
64 55
63 36
68 35
40 63
39 43
55 40
32 43
33 55
64 46
53 49
61 62
59 55
39 64
39 68
46 62
48 39
61 49
53 47
69 32
30 67
39 53
38 34
64 40
51 44
38 49
57 31
64 56
57 30
70 51
62 32
59 31
63 67
47 61
64 41
67 47
38 31
47 48
38 67
33 60
