100 1000 1454
55 42
54 68
59 53
48 34
32 46
66 54
52 69
39 62
54 40
54 32
39 55
42 50
58 53
63 70
69 43
40 31
43 38
39 65
37 30
51 45
55 38
34 37
48 39
45 35
70 51
53 59
60 42
40 52
48 33
43 31
61 54
36 39
56 70
55 52
49 38
58 46
36 63
33 37
64 39
46 63
46 34
42 42
65 42
42 51
34 45
55 59
32 54
47 50
60 46
52 58
70 61
50 47
32 37
65 48
48 58
47 40
37 69
49 47
30 36
39 34
38 36
61 53
33 65
58 43
39 48
55 35
49 47
60 54
69 48
36 57
61 34
37 68
31 35
63 55
48 44
54 62
44 45
58 61
52 59
52 66
66 39
50 58
61 48
58 46
50 37
39 52
50 64
38 42
30 39
33 67
49 69
66 65
57 58
33 31
65 67
42 39
43 39
56 68
70 43
69 63
