100 1000 1484
34 44
60 66
58 53
31 67
68 40
59 57
66 66
65 42
65 45
46 69
40 40
50 43
68 68
35 50
38 67
34 38
62 69
33 33
39 65
39 67
70 47
38 38
42 58
68 65
31 33
55 51
61 55
43 46
67 48
59 67
38 30
36 45
59 65
31 63
47 43
31 52
67 49
64 49
49 55
60 43
34 69
41 30
42 50
64 43
62 30
57 69
30 30
54 43
64 49
48 50
57 52
36 39
61 53
52 48
67 53
64 56
57 39
46 55
65 37
32 37
33 37
55 53
46 38
30 64
63 52
56 32
59 32
51 50
62 67
33 38
37 32
52 36
47 34
30 47
30 49
37 50
37 35
44 36
52 37
44 41
70 34
67 40
37 34
69 57
39 60
54 39
54 68
45 36
62 55
68 33
49 56
66 52
49 58
43 36
49 46
69 45
40 51
69 64
49 48
39 70
