100 1000 1476
60 63
37 59
68 53
43 67
60 67
47 63
43 56
64 67
50 62
53 34
39 52
42 33
68 31
50 30
45 41
68 68
55 38
57 66
59 39
39 31
53 45
61 35
58 31
39 50
51 36
61 45
55 51
67 49
36 51
55 36
61 32
35 32
69 69
41 68
67 38
50 44
55 50
33 49
68 47
44 60
51 39
62 33
61 66
65 59
68 50
50 68
64 37
45 34
43 43
68 46
56 45
34 49
45 69
70 44
67 30
60 60
62 56
39 33
46 69
70 44
49 60
60 65
32 62
68 56
37 63
51 50
65 69
38 34
49 40
46 53
39 67
44 65
53 42
53 50
48 67
70 68
54 40
55 53
52 31
45 34
69 63
38 31
36 57
38 43
50 68
39 65
47 36
40 58
69 45
54 57
68 56
52 39
45 42
50 61
42 56
70 46
56 49
37 53
41 50
39 30
