100 1000 1534
38 60
32 45
43 63
51 38
48 33
69 39
62 33
38 36
53 69
58 70
66 36
37 61
63 32
43 64
35 57
36 30
69 60
36 34
52 32
37 62
38 42
62 52
32 61
37 36
55 68
65 34
48 57
63 68
50 64
56 61
65 55
56 66
52 33
55 57
63 47
36 53
58 35
41 57
30 35
50 37
33 32
42 51
61 57
32 48
65 69
50 68
64 56
47 49
46 40
41 35
34 50
34 37
60 57
66 61
43 48
63 57
61 55
67 64
38 56
46 42
53 67
58 47
56 63
60 61
47 37
32 55
63 39
61 44
39 66
36 67
48 51
36 55
31 62
40 53
39 46
38 41
65 42
41 50
50 60
60 66
56 49
62 63
35 61
63 69
34 54
63 53
69 35
43 32
59 61
49 67
46 38
31 37
62 59
46 55
66 39
30 51
39 50
58 62
42 30
47 55
