100 1000 1536
33 56
69 52
47 40
42 65
40 60
39 51
48 59
45 60
64 68
33 47
65 35
32 41
64 59
60 43
67 58
64 59
39 63
67 37
64 55
37 45
64 57
41 54
68 43
55 63
66 49
31 35
43 42
53 46
42 63
49 30
51 40
31 46
36 42
58 52
35 67
33 30
36 51
47 46
66 61
54 56
65 32
60 34
42 52
35 58
58 58
58 67
66 36
57 42
60 56
32 30
43 63
62 59
69 30
64 31
59 62
59 67
48 69
32 44
61 60
67 32
58 64
69 35
58 38
59 53
42 41
30 50
61 60
65 62
42 67
46 69
57 57
41 41
45 48
62 50
48 37
30 38
62 69
34 50
37 41
35 51
68 68
69 70
68 61
37 68
33 35
55 53
63 42
33 63
44 65
51 52
67 44
68 66
39 55
53 50
56 48
32 57
43 43
42 30
38 59
65 46
