100 1000 1478
70 49
31 46
65 62
31 52
53 47
32 55
51 49
55 47
31 48
66 56
69 50
70 67
56 65
53 48
30 61
50 43
46 31
44 58
49 54
63 61
37 58
56 50
54 30
61 49
49 35
32 67
48 38
45 46
56 56
46 38
61 63
34 31
59 42
55 30
33 62
67 67
56 64
62 57
54 60
31 56
35 36
42 42
62 38
62 69
66 44
55 69
50 45
53 60
48 70
52 51
67 61
67 30
49 35
38 66
56 55
31 43
54 34
50 59
38 47
44 46
63 63
66 51
58 66
51 52
39 40
46 46
36 38
34 52
55 59
61 44
66 38
30 32
48 36
39 47
36 47
65 32
40 46
67 32
52 58
33 36
41 57
57 69
45 61
30 45
51 67
31 48
35 44
62 33
40 52
50 64
66 47
59 31
39 57
59 65
53 59
45 30
42 47
53 38
70 65
65 34
