100 1000 1661
43 37
60 36
44 53
65 46
38 45
50 30
32 54
44 59
39 57
41 54
41 47
35 52
56 65
42 66
32 41
64 46
39 66
32 32
31 56
69 56
31 34
33 63
61 39
55 62
49 61
49 55
55 37
50 58
32 58
57 39
34 59
52 37
31 60
57 60
50 43
61 68
46 53
33 53
39 68
67 46
31 53
52 66
35 37
30 40
35 70
35 65
55 40
45 43
59 36
40 58
63 47
66 33
59 60
64 42
31 44
41 65
40 69
35 32
51 59
42 66
52 35
36 31
45 61
60 53
55 40
32 64
30 61
61 64
34 30
42 50
60 40
45 59
61 43
59 63
50 40
62 37
65 63
63 40
60 54
68 40
54 52
64 58
45 61
37 61
33 37
68 32
32 38
50 62
66 62
62 30
41 41
30 47
40 37
61 47
45 40
55 55
35 31
47 47
32 63
63 63
