100 1000 1425
31 38
32 43
49 52
70 68
62 70
62 65
41 58
57 36
49 42
66 42
41 47
70 56
49 32
38 45
35 41
48 55
45 37
70 68
57 45
34 47
58 39
50 54
45 50
39 54
43 70
34 41
62 44
38 67
65 55
58 45
36 61
66 48
55 55
66 59
66 58
50 32
45 61
42 43
54 34
47 46
60 49
68 64
49 49
55 67
60 41
48 39
57 35
59 37
36 36
66 56
57 59
31 30
68 33
30 49
46 65
65 31
68 58
60 69
36 68
51 50
46 30
65 38
51 31
62 42
38 54
67 31
56 59
50 67
62 56
69 30
47 70
67 44
53 46
51 65
58 42
69 54
39 55
36 57
45 54
56 66
63 45
57 39
63 64
64 55
48 64
31 31
68 35
42 46
52 43
40 40
39 38
38 31
37 49
66 60
70 53
56 65
63 65
48 68
68 35
31 46
