100 1000 1534
49 68
58 60
65 47
33 62
58 55
31 69
58 47
64 60
43 34
55 46
53 30
53 65
45 56
42 56
58 37
39 31
55 34
47 63
30 40
64 52
64 57
30 62
42 64
65 63
59 32
56 69
39 46
42 56
33 63
59 39
63 52
51 66
49 37
50 59
30 49
55 32
70 45
44 39
65 32
63 35
45 36
61 33
60 60
64 44
62 62
46 51
35 35
63 65
37 63
59 66
69 58
55 52
69 36
64 36
30 44
46 42
37 31
67 35
66 63
65 33
56 59
43 40
31 33
69 46
69 70
46 69
35 69
37 40
49 40
59 50
65 38
50 67
47 40
36 48
51 43
49 35
39 65
55 63
31 48
54 46
60 44
35 67
58 49
62 42
59 43
35 37
59 52
46 59
36 31
64 66
37 63
41 45
49 66
69 41
52 41
42 59
69 31
68 67
63 48
70 65
