100 1000 1591
37 47
63 55
46 61
39 62
33 32
40 44
32 36
39 57
70 49
35 55
70 60
37 66
35 38
58 39
47 39
51 37
48 66
51 34
32 55
37 32
58 37
36 57
37 49
49 56
62 45
64 36
64 60
62 52
40 69
47 70
34 58
48 66
62 65
47 50
60 30
70 69
38 64
69 62
61 44
49 61
39 48
32 63
46 30
48 60
54 37
41 43
56 48
36 51
43 33
66 42
44 44
41 31
38 43
59 35
32 51
69 37
63 53
45 65
70 61
43 60
56 37
62 54
43 41
64 60
36 59
47 39
55 56
31 66
64 59
65 43
64 55
39 36
32 64
33 69
38 41
60 51
69 56
53 32
43 33
45 68
56 53
52 64
61 68
60 53
44 40
35 33
65 53
64 40
44 58
34 62
66 63
42 44
64 43
70 37
62 63
63 43
64 63
59 55
54 44
36 30
