100 1000 1585
33 64
48 31
56 39
36 46
36 50
50 70
70 58
39 54
56 35
67 45
43 30
46 35
38 64
31 48
46 64
37 47
68 55
33 39
50 58
42 44
42 70
68 30
52 65
42 59
53 64
47 63
36 70
39 70
33 64
55 63
56 58
62 67
66 66
70 40
56 36
65 69
69 31
67 60
68 54
37 38
54 42
50 65
57 55
45 63
30 33
58 65
57 52
57 37
56 57
69 58
55 51
50 40
68 37
60 36
69 33
53 39
30 64
40 53
46 45
63 40
37 52
51 57
59 38
32 46
54 57
33 49
64 51
67 51
63 37
37 56
57 40
41 65
33 63
55 47
50 48
60 69
62 44
31 44
54 54
64 47
43 62
60 30
47 60
33 55
58 33
66 54
34 39
30 35
41 41
50 43
40 65
60 52
68 69
51 30
52 38
51 65
31 69
52 65
44 37
65 70
