100 1000 1563
38 47
47 40
69 34
36 69
65 34
38 47
67 42
37 30
53 69
38 60
51 63
58 30
47 61
69 31
38 37
39 57
35 35
47 68
48 49
60 62
37 70
67 37
41 51
65 68
48 66
48 32
59 54
52 57
39 39
50 58
70 64
54 40
30 66
36 38
36 51
55 58
70 47
35 35
69 31
33 40
33 55
60 64
35 45
39 35
70 50
33 33
34 54
32 33
45 60
31 31
42 54
57 49
68 54
38 59
43 31
48 65
53 54
45 66
62 68
47 69
55 34
35 68
46 54
52 31
32 68
38 35
58 31
34 69
54 36
43 63
61 55
48 43
38 63
34 39
60 48
31 35
65 48
40 44
50 34
52 70
54 32
43 53
68 67
39 45
54 60
68 55
68 40
58 61
32 36
37 32
39 65
42 54
41 54
66 55
57 57
48 54
65 30
65 66
43 37
70 70
