100 1000 1550
40 42
30 31
40 32
67 65
35 54
44 35
57 43
65 65
67 58
56 34
47 36
39 62
30 38
59 46
70 56
49 30
70 33
43 64
37 61
63 33
40 63
33 68
57 41
57 49
51 42
55 55
32 67
38 58
48 43
68 40
39 46
41 48
49 65
68 61
38 31
45 34
40 31
68 62
52 36
63 62
31 42
56 54
66 49
43 55
31 56
67 63
70 42
66 38
68 31
68 55
61 48
48 65
68 46
49 32
30 57
43 31
59 39
44 47
45 46
35 62
56 58
47 31
57 64
51 53
49 44
53 31
55 62
53 38
43 47
70 32
67 57
47 52
32 38
55 47
53 31
45 32
40 32
38 67
38 49
42 68
68 47
33 54
51 44
31 38
37 69
49 44
44 40
66 68
33 54
37 66
41 32
68 68
43 61
47 61
70 64
54 60
43 42
60 31
44 43
36 42
