100 1000 1582
42 64
70 56
53 36
30 46
65 41
45 68
62 47
43 34
46 38
59 37
51 58
32 30
43 47
58 53
49 45
61 35
30 70
65 66
55 33
60 67
58 47
65 49
64 68
58 42
46 36
56 46
52 36
48 67
41 44
62 45
64 31
37 44
48 39
35 69
47 57
33 62
43 42
64 68
67 47
47 65
64 50
50 34
64 54
54 51
43 31
67 36
41 45
42 62
33 60
56 43
36 67
66 39
33 66
42 63
67 66
36 31
49 46
62 60
48 56
44 45
49 70
48 34
31 30
40 57
58 56
65 34
55 53
63 67
66 54
35 52
31 50
69 68
68 55
63 38
47 70
54 67
53 63
38 48
66 60
69 49
59 41
34 34
52 51
30 43
37 45
33 47
45 32
36 42
68 70
64 56
43 30
39 49
32 70
55 56
53 39
38 42
42 47
36 70
45 54
32 52
