100 1000 1708
31 65
53 33
55 51
62 53
31 67
47 64
32 50
68 51
60 42
47 64
56 51
45 68
37 63
35 45
45 50
30 61
66 56
59 66
68 34
55 47
32 69
53 53
30 53
62 35
62 69
63 49
39 60
43 64
38 66
40 60
52 41
59 31
41 67
43 58
62 54
33 39
41 57
35 30
30 42
34 34
39 59
62 47
64 56
34 56
52 63
43 34
36 66
56 47
65 58
43 62
34 37
32 50
37 55
60 33
57 54
54 45
57 40
67 65
67 40
38 66
38 69
53 32
62 63
70 61
59 52
43 62
36 68
60 35
70 30
68 63
35 60
64 38
30 57
56 50
56 30
50 46
43 60
56 55
46 41
57 62
54 35
32 69
46 68
48 64
69 56
32 56
64 59
61 52
55 62
52 63
60 63
50 60
68 56
45 33
30 35
32 45
70 62
43 68
46 59
68 70
