100 1000 1474
50 54
51 62
61 38
70 30
63 51
40 39
65 69
69 30
38 44
60 43
48 44
57 55
43 38
31 55
62 58
36 66
46 46
63 43
68 35
41 50
68 40
63 51
32 58
55 31
46 50
70 31
40 61
31 39
34 31
55 46
44 60
33 44
34 68
58 58
45 36
50 39
31 47
65 33
45 56
69 58
57 53
68 55
46 55
60 68
35 31
50 62
33 49
65 44
50 50
54 64
68 38
30 42
65 70
41 70
51 39
47 59
61 56
52 36
65 33
33 31
39 35
58 63
43 50
69 46
40 33
63 31
58 38
56 48
52 55
56 40
47 50
61 49
66 55
33 31
31 30
49 65
53 40
46 63
36 57
67 45
36 70
31 31
49 52
42 52
42 62
69 66
63 51
61 63
42 53
66 33
61 66
33 46
35 62
69 57
40 38
37 37
60 38
54 44
37 58
63 37
