100 1000 1565
32 63
45 32
51 34
53 48
58 60
41 67
67 46
46 36
52 68
60 70
58 64
67 36
70 45
34 68
59 37
45 54
41 31
67 70
54 45
39 39
34 58
38 49
58 33
60 33
47 35
33 52
69 56
63 59
55 30
43 38
34 51
40 39
50 50
41 69
70 54
35 60
53 37
47 59
49 32
42 66
43 66
44 47
55 53
53 40
42 56
64 69
64 30
63 68
47 48
60 34
50 34
53 53
36 59
66 66
33 70
49 32
40 62
68 69
52 56
47 66
57 56
53 51
67 59
55 31
48 40
41 42
48 49
58 31
31 42
59 57
45 42
53 47
54 53
58 40
62 58
63 50
31 33
36 30
48 68
34 34
57 39
53 56
56 45
38 59
34 41
55 47
63 61
55 64
63 32
45 60
46 60
33 63
41 38
69 67
56 41
32 61
60 46
67 65
31 57
46 59
