100 1000 1563
41 39
43 69
69 56
39 67
36 45
55 43
61 44
41 33
70 61
53 63
40 33
51 49
31 65
33 59
67 57
45 37
48 33
69 47
40 58
41 57
62 68
37 41
45 67
59 39
48 46
42 44
40 59
45 60
30 44
32 61
40 53
64 68
49 55
53 41
63 32
42 30
51 42
64 53
49 41
33 42
68 70
63 35
67 32
41 46
45 38
58 56
50 38
54 67
67 52
34 43
47 44
70 44
46 67
52 41
62 48
34 61
32 58
51 37
44 49
55 39
33 54
48 53
42 33
63 40
70 39
33 31
52 47
69 59
39 59
67 56
33 64
49 70
66 47
60 59
55 61
51 59
36 30
56 31
35 34
60 32
63 47
70 32
62 39
68 36
35 61
33 40
68 50
70 33
32 42
51 62
66 68
30 65
42 43
65 35
60 35
30 55
70 59
46 61
60 51
60 66
