100 1000 1566
56 51
36 45
51 42
55 46
64 45
65 31
68 31
41 57
49 51
65 59
46 45
53 32
60 51
70 46
64 39
57 40
40 62
55 37
47 58
50 43
53 36
62 64
46 60
38 32
36 30
57 64
53 59
39 38
34 59
42 46
58 33
52 32
38 62
37 56
42 56
38 62
56 39
33 60
40 42
55 50
32 32
61 61
32 57
69 31
52 51
53 50
61 31
51 70
42 34
66 31
55 66
53 42
41 47
49 69
41 38
67 48
48 46
39 39
53 47
37 33
37 58
58 67
34 40
43 34
51 36
31 63
48 37
69 49
34 39
69 31
48 52
43 44
47 41
55 40
56 31
36 34
63 46
39 53
35 70
37 62
65 43
41 46
50 52
36 60
36 64
50 46
60 59
38 50
58 56
35 70
67 58
45 49
38 44
64 33
52 51
39 54
33 58
36 66
31 42
48 32
