100 1000 1713
35 70
33 40
61 43
65 60
38 54
54 48
56 54
33 65
53 69
53 66
55 39
51 59
43 58
54 66
36 42
34 41
59 57
46 55
34 54
53 63
70 40
67 68
35 66
31 62
38 69
58 41
62 66
41 48
68 51
36 69
61 37
65 58
52 40
42 53
39 59
58 55
43 68
38 64
36 70
48 45
67 70
37 55
43 33
53 40
46 58
30 40
40 44
65 60
32 65
63 58
66 66
61 40
66 51
59 70
42 55
33 63
39 36
33 39
33 66
64 39
33 43
51 68
60 39
39 30
37 63
60 32
32 70
56 54
62 45
64 57
49 49
48 52
30 48
69 33
31 60
70 38
60 50
43 39
59 38
54 49
65 31
54 54
67 46
64 58
38 70
65 49
47 64
64 57
54 57
61 47
35 45
62 35
41 61
35 51
49 69
37 70
68 69
52 56
61 55
45 37
