100 1000 1514
53 43
33 41
38 62
38 55
39 36
35 39
30 40
67 60
60 37
62 37
48 53
49 67
62 49
58 47
45 68
41 50
56 44
66 48
61 70
67 43
64 66
58 58
32 44
68 31
69 37
54 43
62 51
36 64
56 60
36 55
52 42
34 67
69 42
44 57
66 70
68 60
51 61
44 36
47 54
55 65
62 58
68 33
66 32
53 38
50 55
65 43
67 50
61 59
50 55
34 39
54 59
32 70
70 53
56 37
46 55
69 35
67 56
69 51
69 43
63 64
52 32
47 44
63 64
45 68
60 49
70 48
37 33
43 68
46 45
56 54
32 45
67 53
33 54
31 46
67 56
34 60
43 55
69 63
40 44
65 62
66 47
62 50
57 32
42 62
68 38
37 35
34 68
32 43
43 47
59 42
42 66
53 62
31 31
56 48
48 70
42 58
44 43
62 34
70 54
36 38
