100 1000 1611
37 36
43 43
63 43
43 46
63 40
54 41
64 62
31 59
58 61
40 62
39 33
57 59
59 69
35 31
48 61
54 40
40 45
35 40
32 68
47 70
37 38
54 36
46 67
64 53
32 65
42 30
57 63
39 44
50 55
63 49
62 43
70 58
47 58
70 59
30 55
68 68
30 45
33 37
36 53
37 48
45 40
57 59
47 32
62 30
67 46
35 69
57 70
59 59
55 45
42 38
31 44
54 63
57 70
32 66
68 49
41 42
48 31
51 66
47 68
68 35
54 35
33 45
38 57
51 47
61 31
70 36
31 59
63 39
50 46
65 49
69 60
44 59
65 44
39 45
40 70
35 65
62 63
63 53
41 50
65 39
36 46
30 30
61 46
42 36
65 62
53 63
31 40
63 54
37 66
32 36
36 40
44 48
59 64
38 32
36 32
35 59
37 57
35 70
53 41
58 50
