100 1000 1499
65 47
52 31
66 49
42 70
55 37
38 63
32 66
33 34
51 68
57 52
38 54
52 46
46 68
66 37
31 37
40 44
49 48
56 68
33 35
48 57
46 44
50 66
45 46
61 55
65 40
35 59
56 52
61 51
56 55
61 68
60 48
66 42
56 31
45 54
44 49
69 63
68 48
64 70
47 32
36 50
40 55
60 48
48 34
62 38
52 33
43 34
69 56
32 70
50 62
55 62
58 36
45 36
47 57
50 46
53 67
66 63
41 65
49 44
45 60
55 65
31 35
63 43
39 35
67 44
37 52
35 55
51 37
35 37
52 38
47 52
53 32
31 34
44 59
35 40
51 42
46 61
41 61
49 58
69 42
62 38
59 49
58 66
69 62
68 58
34 67
46 59
67 60
70 36
50 39
45 63
58 41
53 50
62 67
41 56
33 62
39 52
30 37
39 47
62 63
52 66
