100 1000 1591
31 63
69 36
70 56
65 66
46 61
65 56
57 33
67 57
35 56
66 56
36 48
31 46
40 51
35 64
53 63
54 35
60 42
43 45
60 55
69 48
35 32
31 63
40 65
56 59
32 51
59 68
38 49
70 57
36 65
41 49
69 56
38 46
40 62
47 44
31 31
68 47
41 38
46 48
44 51
40 45
40 49
40 39
67 41
47 50
39 54
33 43
66 41
70 54
30 41
37 49
66 54
62 54
57 35
37 65
60 30
67 45
64 34
56 46
61 47
37 41
53 31
42 44
30 61
37 40
57 51
67 47
69 45
52 62
46 46
62 65
43 61
35 62
69 52
54 52
30 63
35 51
35 32
51 57
40 55
30 47
40 42
54 39
61 35
50 30
69 51
60 39
60 48
35 51
45 66
48 67
61 66
38 42
65 39
55 48
56 33
41 50
33 46
53 66
32 57
34 61
