100 1000 1492
50 56
45 70
43 50
58 35
39 47
51 37
58 59
51 49
42 61
45 33
57 70
52 45
67 35
46 35
34 53
65 35
63 47
38 60
37 44
50 65
69 45
56 39
37 43
54 45
66 60
41 34
42 56
55 33
52 68
63 34
56 55
52 70
53 64
60 52
47 58
62 53
70 61
40 55
62 52
61 63
66 30
59 60
55 46
34 64
31 64
63 58
54 44
70 70
58 59
37 57
67 62
36 61
32 32
37 53
31 42
48 43
57 63
43 42
54 68
67 61
60 36
54 38
57 39
39 63
39 38
44 57
43 64
56 34
68 54
54 33
36 45
65 69
45 54
56 38
34 40
51 31
39 45
39 48
37 31
60 57
68 39
44 33
31 66
38 30
37 35
48 64
69 65
66 55
55 46
33 69
49 41
56 44
47 70
51 51
58 41
53 47
57 61
40 46
53 39
64 52
