100 1000 1597
55 60
66 68
47 61
30 66
62 30
40 42
60 40
57 56
46 46
49 59
59 44
59 30
43 55
41 46
54 48
60 50
62 47
65 55
34 56
51 33
64 65
53 57
31 30
57 66
44 60
38 41
30 57
48 34
32 35
50 51
55 69
56 53
46 69
42 38
57 34
34 52
49 66
31 57
31 57
70 63
67 46
55 63
42 64
42 44
52 45
30 57
70 65
30 30
43 34
53 41
43 40
45 38
38 55
53 68
70 70
67 36
49 45
34 69
54 33
68 55
34 60
59 62
44 53
52 66
67 62
50 68
32 65
32 31
36 55
32 37
48 66
62 52
41 68
68 44
68 30
46 36
39 40
39 30
63 36
53 63
65 67
44 40
65 47
57 64
43 56
59 35
33 53
53 57
43 40
32 44
55 40
62 63
67 45
38 49
38 62
31 64
31 35
42 49
32 56
63 62
