100 1000 1582
46 59
54 41
44 44
55 48
57 45
69 30
68 52
66 48
53 43
36 62
41 35
41 54
65 38
50 64
63 54
40 35
68 56
52 54
55 46
48 46
44 45
60 33
42 35
31 36
62 46
53 59
36 66
50 70
47 63
37 52
30 47
51 66
33 47
67 54
60 34
52 31
35 57
53 62
61 38
44 46
68 32
64 46
67 56
52 49
51 33
37 62
51 60
45 46
42 64
44 35
58 30
64 42
35 46
51 40
45 57
69 31
36 46
60 34
59 34
31 46
34 54
58 45
40 68
69 42
64 37
49 39
41 58
38 67
46 45
62 63
32 51
34 33
32 56
31 44
65 42
64 66
33 49
58 38
50 46
31 70
52 66
41 39
45 60
63 64
57 35
61 70
49 34
62 68
51 48
59 48
30 60
59 60
33 67
62 65
38 49
42 49
44 34
37 44
32 70
55 59
