100 1000 1558
37 49
46 60
62 56
39 30
41 31
39 63
37 30
30 60
35 37
48 51
50 33
32 31
66 46
38 62
54 53
59 44
51 39
38 43
36 59
32 69
62 44
32 62
67 33
68 67
52 44
63 58
30 34
53 32
51 67
65 57
61 40
31 35
52 61
67 60
36 61
57 38
33 68
40 38
58 34
56 43
68 60
46 31
59 31
37 56
66 34
50 51
58 30
57 42
45 69
67 48
50 35
70 69
55 50
57 61
35 49
64 64
61 40
35 70
45 62
50 55
66 53
53 45
52 46
68 52
66 46
66 54
38 59
48 43
49 62
41 60
48 39
70 63
64 31
34 56
38 30
59 63
53 57
63 48
54 44
57 39
37 62
55 34
63 59
47 49
41 31
42 39
51 41
61 69
39 49
54 66
62 60
60 40
59 31
48 53
41 64
50 31
34 64
49 38
53 39
48 61
