100 1000 1637
42 31
39 67
39 69
60 36
43 36
67 62
50 34
36 37
60 48
65 41
56 46
62 70
64 32
54 33
40 52
34 66
60 62
31 54
40 70
35 35
57 70
61 51
65 63
41 69
35 67
70 63
38 38
62 66
46 48
35 37
35 50
52 61
32 35
45 59
44 65
65 40
61 65
42 56
61 42
50 31
30 67
39 33
67 45
39 41
58 68
43 67
44 35
35 67
50 47
53 39
44 39
48 31
54 42
37 37
69 51
39 56
39 69
45 51
44 59
50 43
52 54
56 55
67 65
46 67
48 69
53 54
40 60
63 41
69 48
47 53
56 30
43 68
41 47
60 45
45 53
60 46
66 32
58 38
55 53
50 45
51 67
49 40
49 39
64 51
43 58
43 53
53 50
47 70
32 67
46 61
59 47
31 58
66 48
60 59
47 35
61 55
37 42
45 31
34 40
30 69
