100 1000 1525
66 56
54 36
47 58
64 45
53 33
69 57
46 40
31 59
49 31
40 46
47 65
55 66
68 34
31 44
42 36
46 69
59 60
57 63
59 41
31 58
35 59
63 37
59 31
59 63
53 45
60 41
54 43
56 58
44 34
47 33
65 42
43 40
65 30
67 39
49 65
69 53
63 54
51 65
33 51
51 65
69 64
41 44
47 52
48 70
34 58
59 51
44 42
31 55
53 58
50 42
53 31
70 53
54 62
55 45
61 54
59 55
41 60
69 41
32 62
64 66
67 61
61 70
57 42
63 45
36 37
55 36
58 68
61 43
52 55
46 43
47 63
70 58
52 66
32 63
37 30
69 45
44 36
69 65
38 70
41 43
36 56
38 40
55 69
51 53
39 32
47 61
58 43
31 34
46 67
54 46
45 31
47 55
57 52
61 67
53 42
31 61
56 38
34 38
30 48
33 51
