100 1000 1548
55 56
65 39
63 63
68 66
45 42
50 38
50 40
68 61
63 67
53 40
38 67
57 42
54 55
47 41
62 59
51 35
40 31
69 32
63 33
57 62
36 39
48 70
55 63
32 42
51 69
57 48
38 50
56 66
66 59
33 32
51 41
31 49
41 64
40 39
43 33
43 64
56 62
35 47
51 60
52 33
61 59
33 36
65 70
45 50
33 70
49 69
63 37
66 59
37 45
47 32
37 45
59 70
31 54
62 61
62 48
39 47
35 53
51 30
38 30
31 34
55 67
68 64
41 53
48 62
34 52
38 69
34 48
36 55
39 30
31 69
59 44
32 49
59 54
54 47
63 69
40 40
43 43
38 42
35 32
52 59
52 43
67 66
58 49
54 61
66 45
47 68
34 46
33 51
41 55
56 56
34 44
70 31
44 56
49 40
30 59
65 35
30 62
51 50
50 34
46 60
