100 1000 1620
65 30
42 49
53 30
58 45
48 37
58 46
30 33
31 43
54 32
53 63
51 46
36 41
34 52
57 44
37 30
31 33
48 59
57 70
34 36
35 53
49 58
65 69
48 32
60 61
37 67
56 43
50 57
33 62
53 44
70 31
69 59
62 32
70 31
63 51
45 33
49 31
55 65
38 62
70 61
48 65
30 66
32 66
68 46
33 52
63 52
57 43
34 36
55 31
67 67
58 36
38 57
40 47
67 67
30 56
41 60
49 53
60 64
39 64
58 47
50 41
41 58
30 69
45 36
70 43
65 40
47 41
64 40
35 54
50 40
36 70
31 53
36 68
38 60
51 40
44 34
46 53
53 64
37 32
46 62
33 68
59 59
49 60
58 39
55 56
37 39
51 36
41 55
41 65
69 70
64 40
68 65
47 40
44 39
34 43
67 42
52 38
48 61
61 39
47 33
45 48
