100 1000 1512
65 70
53 62
57 66
56 60
47 50
33 51
52 59
62 45
48 68
64 49
55 61
66 38
43 38
41 53
64 61
34 47
58 39
39 59
53 64
38 37
69 68
50 64
42 59
44 58
41 52
34 37
69 43
52 68
58 32
43 36
45 40
70 45
69 58
35 43
67 40
62 39
54 56
38 56
47 44
63 51
67 38
51 34
67 65
50 36
64 32
66 65
57 62
60 44
65 37
54 32
30 35
58 54
67 60
49 47
49 51
31 37
40 56
33 56
43 50
41 66
30 61
62 58
52 56
60 35
47 36
44 47
62 59
53 54
37 42
62 51
51 42
33 35
56 33
58 56
44 59
36 37
57 44
45 38
50 70
43 63
30 69
35 51
35 68
42 41
63 52
39 68
42 51
34 67
66 44
49 43
49 47
66 68
41 59
37 42
41 64
34 46
61 47
62 41
63 30
43 43
