100 1000 1568
65 52
52 46
66 43
61 44
47 60
37 49
58 40
67 31
60 32
58 31
64 50
63 51
30 32
47 43
47 62
49 65
58 60
42 52
62 49
36 40
35 50
54 34
58 54
41 40
55 53
37 59
32 59
66 53
38 33
62 42
33 30
35 58
52 53
61 50
58 68
51 64
38 61
30 61
60 54
32 43
42 49
63 37
63 50
45 65
34 54
46 39
34 54
50 32
41 69
38 31
66 60
61 42
56 49
70 54
56 37
45 53
58 61
65 45
48 30
36 31
34 65
55 37
68 45
46 61
31 49
70 65
60 50
57 61
57 34
57 37
30 70
58 60
48 55
45 45
64 69
55 44
39 32
40 63
44 69
59 60
53 35
49 51
42 31
58 70
60 63
42 33
34 50
55 63
54 42
38 61
45 51
47 66
35 68
31 38
34 58
36 32
37 40
60 50
50 68
53 47
