100 1000 1540
62 33
45 35
44 45
69 51
49 56
60 67
38 30
40 30
55 48
58 59
48 59
62 57
45 60
61 62
40 50
50 57
51 63
60 50
57 59
60 33
35 67
36 57
61 63
68 53
47 35
69 64
31 66
48 58
54 47
39 41
37 56
38 49
34 33
64 58
34 40
64 39
41 55
51 69
55 60
65 35
42 61
34 46
62 31
33 62
46 69
54 44
35 57
40 69
55 44
66 52
35 38
61 58
48 55
60 68
32 61
31 51
65 42
40 41
39 40
35 37
31 33
57 61
46 45
33 43
57 38
41 63
37 51
66 52
48 43
59 53
34 53
40 52
42 32
46 49
46 62
67 63
58 67
41 50
39 31
48 34
58 47
49 44
44 46
52 49
59 52
63 34
41 63
64 44
34 50
34 58
58 65
49 58
54 52
50 36
59 53
47 65
45 58
37 67
62 37
58 47
