100 1000 1442
48 59
35 47
47 67
70 69
63 56
33 43
30 67
68 52
60 63
40 69
43 53
42 32
47 48
32 48
35 39
31 61
44 30
44 33
57 56
35 36
48 62
39 53
54 32
65 39
61 64
57 34
33 60
60 52
43 49
62 54
70 65
49 33
46 34
56 54
57 65
53 44
51 59
45 54
38 61
65 59
62 59
69 36
43 55
60 54
52 51
55 67
50 50
36 36
64 46
47 32
54 37
66 64
67 55
69 47
31 62
62 67
65 47
56 60
31 50
56 50
55 57
64 35
69 56
67 40
37 33
55 36
54 40
57 38
39 33
48 39
48 39
68 32
64 56
59 59
57 32
30 40
31 35
41 44
47 63
61 35
63 70
44 56
57 55
52 48
67 48
40 64
65 50
68 57
69 68
35 37
62 63
44 52
34 40
49 68
39 42
42 61
63 57
55 37
32 30
60 55
