100 1000 1656
59 41
60 62
68 62
47 66
41 59
34 64
54 65
52 33
37 63
46 64
34 54
35 39
35 36
32 32
60 39
32 66
63 64
55 43
43 57
43 54
32 42
51 36
47 32
53 54
56 60
37 39
67 52
69 66
61 35
48 36
58 45
60 40
60 65
31 64
61 52
30 32
32 68
40 43
58 55
34 59
58 36
37 51
43 42
33 34
60 60
50 32
52 58
69 65
30 69
38 61
62 62
34 58
52 67
40 58
58 49
35 43
57 60
52 64
67 33
33 46
52 37
56 52
51 50
69 65
64 51
30 42
30 58
44 58
53 41
35 64
37 50
42 39
30 51
53 49
31 56
69 40
54 41
31 43
43 36
63 45
31 45
69 41
50 54
61 35
36 37
47 67
43 42
40 69
32 45
61 63
58 51
47 59
58 53
47 33
31 66
59 51
55 37
48 40
31 32
42 69
