100 1000 1551
47 60
65 31
61 45
63 58
57 42
53 43
66 35
48 38
55 45
35 61
57 40
56 32
66 45
44 58
47 46
61 37
53 64
51 37
31 60
42 53
47 57
57 35
69 31
59 61
60 56
38 51
47 30
33 41
30 46
44 64
35 62
55 46
46 54
50 56
46 39
40 65
58 34
65 57
35 54
34 61
66 41
45 58
41 54
41 70
59 30
39 50
52 47
48 54
43 38
44 62
56 42
67 32
65 68
53 59
34 31
38 59
43 33
68 39
36 67
48 63
69 50
58 60
38 69
39 64
63 47
65 68
64 30
34 32
47 68
31 40
44 63
35 30
36 36
63 46
69 64
30 57
66 40
32 43
70 69
47 44
51 45
62 70
55 58
54 33
51 55
51 35
40 58
37 32
61 50
47 49
66 45
31 64
64 45
58 70
41 41
57 51
50 47
68 54
52 52
53 30
