100 1000 1546
63 47
46 50
32 63
32 56
50 51
51 58
56 50
31 59
62 50
62 60
68 49
34 58
61 37
43 37
70 68
46 34
38 43
69 66
66 46
31 56
42 31
31 51
54 49
44 58
52 56
69 51
36 51
44 58
44 36
30 43
38 45
34 42
30 46
31 43
39 58
38 53
37 58
53 47
59 64
53 46
55 58
58 70
33 32
43 37
47 51
35 70
66 66
66 38
55 52
57 56
31 34
56 67
36 41
46 32
65 51
69 55
57 49
53 38
65 35
51 45
33 42
63 60
38 32
56 38
47 40
55 51
53 32
34 52
58 51
48 41
51 37
46 34
65 53
57 61
40 43
61 40
39 59
34 34
65 59
62 62
35 70
51 33
33 50
52 58
49 48
50 70
54 52
63 68
38 50
32 66
34 69
61 62
65 70
67 59
67 70
68 66
57 31
64 65
56 52
53 30
