100 1000 1560
65 61
69 43
58 44
48 55
58 56
38 48
68 44
69 42
53 47
56 42
58 67
61 57
64 36
48 68
50 57
34 58
42 33
58 50
60 65
61 62
34 32
47 69
52 38
66 69
34 64
38 60
39 55
37 61
36 56
50 48
55 48
61 51
30 65
64 43
51 70
42 68
66 61
49 54
62 60
56 69
62 39
36 41
70 52
36 47
57 50
69 32
70 33
61 62
57 34
46 32
36 69
54 47
61 41
43 61
53 61
61 46
60 46
49 67
41 36
44 68
32 58
40 66
59 40
51 49
33 34
43 43
44 46
49 64
53 31
47 34
65 34
66 49
60 52
37 67
53 52
47 39
30 58
48 41
41 59
30 49
62 41
37 51
45 47
52 60
55 62
57 47
31 38
39 48
45 33
44 69
59 51
59 62
57 68
52 50
63 35
60 48
61 60
57 50
50 51
67 47
