100 1000 1512
65 51
58 61
49 61
51 56
38 45
47 34
47 47
48 52
45 65
55 64
38 70
47 30
34 54
53 46
67 63
55 48
44 64
48 65
44 70
31 38
51 64
51 33
36 47
58 68
67 54
30 52
45 34
55 51
54 49
52 37
38 64
66 31
33 32
47 39
32 61
30 47
36 63
33 53
45 67
55 61
30 34
55 34
46 56
42 34
70 62
39 37
56 38
53 41
42 50
48 44
52 51
35 55
38 41
70 35
64 49
57 31
67 66
57 70
68 37
69 43
46 69
33 33
59 44
57 37
30 60
53 59
59 49
61 38
69 43
34 54
69 61
38 55
43 48
63 51
36 40
38 42
37 39
44 40
61 69
60 63
70 62
66 56
57 30
36 34
67 56
35 56
70 38
57 55
67 50
48 42
61 58
50 61
62 54
45 46
67 59
54 43
38 63
70 61
41 44
62 61
