100 1000 1569
31 41
59 45
51 55
62 47
59 37
36 54
53 65
50 50
42 44
39 34
56 64
32 45
46 39
34 68
68 65
70 41
40 54
57 52
34 67
35 38
50 59
39 39
52 60
59 42
67 58
65 55
55 31
40 59
49 43
45 62
64 42
54 54
49 45
46 37
35 43
49 52
39 60
56 39
55 61
66 42
66 69
61 33
33 62
46 53
68 36
47 43
53 33
65 56
70 36
35 70
33 55
45 50
44 30
60 36
51 69
41 52
33 59
68 43
32 43
50 65
38 41
59 56
52 30
39 51
41 41
63 47
46 61
63 42
32 68
68 41
32 51
44 50
58 51
38 41
36 40
39 41
55 59
57 51
64 63
40 57
70 36
45 59
42 31
34 40
70 40
59 31
57 34
37 34
44 55
69 46
51 33
31 53
32 70
67 34
35 70
47 35
30 48
65 44
58 59
62 54
