100 1000 1525
48 61
61 55
53 51
35 44
37 57
43 55
40 68
62 70
69 30
66 66
58 61
64 36
68 60
30 57
57 50
66 68
45 50
53 58
62 36
35 69
42 42
42 53
52 47
54 59
69 37
54 45
46 35
54 61
50 51
59 47
34 45
53 55
58 53
64 59
39 39
46 64
47 34
62 30
58 46
34 36
37 30
45 54
51 35
32 34
35 67
45 67
52 36
31 56
60 52
56 67
37 40
42 50
33 69
61 34
69 65
61 60
46 57
52 66
64 70
67 53
48 58
34 41
30 38
61 62
49 51
59 30
64 32
43 32
32 42
36 67
47 64
38 61
57 45
51 70
56 53
30 47
50 51
35 38
37 61
62 45
68 42
60 68
37 50
61 51
58 64
38 30
47 38
69 56
63 45
64 58
40 69
46 40
61 57
70 51
57 66
53 36
36 58
48 54
37 31
55 70
