100 1000 1543
53 68
61 48
36 43
59 68
66 36
43 59
36 64
53 41
58 52
37 67
50 41
61 56
52 44
31 33
42 49
34 56
44 50
37 47
44 52
51 52
54 42
57 37
34 68
56 52
70 62
40 52
51 56
48 37
43 33
33 52
48 56
38 39
47 68
51 38
43 41
55 59
48 52
39 32
69 40
56 51
47 70
46 45
38 44
52 49
59 41
41 69
48 45
46 46
61 53
32 64
42 56
69 55
40 64
49 59
41 52
45 58
34 37
51 45
54 49
38 52
70 48
38 40
46 34
64 35
61 34
58 47
39 48
41 49
50 58
46 40
54 31
63 32
64 30
59 66
39 33
47 32
33 70
38 60
58 38
47 58
51 37
40 60
30 52
43 48
59 45
41 56
53 64
63 42
65 56
34 36
46 51
60 66
35 58
53 53
65 67
57 65
36 69
52 67
49 62
60 55
