100 1000 1536
69 40
54 54
34 60
47 60
31 44
46 44
49 54
70 65
69 58
65 65
51 32
33 34
30 67
63 59
61 70
53 63
66 46
30 35
47 48
36 55
70 44
32 66
62 50
30 48
60 38
45 41
58 36
54 52
37 37
44 33
43 65
59 37
32 42
69 58
67 42
67 40
56 66
31 53
62 42
34 52
56 33
57 46
60 32
42 59
35 36
50 56
44 44
44 36
70 50
41 68
49 61
48 40
61 54
38 44
47 38
70 48
40 56
45 31
43 64
69 43
44 30
54 49
64 49
31 38
45 44
55 51
47 69
67 70
30 31
59 51
58 32
37 69
51 34
62 36
46 42
66 58
33 66
35 31
63 44
35 51
63 54
66 43
62 55
53 39
31 51
55 53
60 51
48 61
35 62
43 38
59 46
53 38
36 59
37 41
57 49
41 36
60 30
32 46
70 69
61 61
