100 1000 1536
35 70
40 63
61 39
33 57
40 42
36 34
62 64
32 33
63 61
36 69
40 42
66 67
53 40
53 68
30 34
42 59
52 49
56 38
47 46
63 58
43 64
69 44
51 54
43 38
50 49
69 41
35 56
70 30
57 68
38 58
44 53
35 43
60 51
68 53
56 67
43 44
49 57
60 56
63 39
61 31
39 59
53 64
52 36
55 62
53 47
51 34
59 32
59 57
67 34
32 33
54 37
55 38
70 43
39 57
49 38
69 36
69 56
53 53
37 67
47 30
41 67
59 39
57 59
35 39
51 43
57 65
57 59
51 33
33 57
68 64
43 50
33 40
32 61
31 38
68 57
53 53
56 57
46 39
40 66
68 65
43 35
56 31
67 50
50 55
53 30
41 62
34 48
65 35
39 64
57 54
52 44
65 68
44 61
40 41
59 68
60 54
50 68
41 60
46 68
57 43
