100 1000 1532
52 59
57 70
68 56
66 43
46 70
36 65
38 65
30 30
30 39
51 57
56 48
39 45
45 45
36 68
56 39
56 51
63 69
36 62
59 61
52 49
52 46
44 50
63 56
60 41
70 60
34 51
63 60
40 50
62 39
55 56
42 56
64 55
50 66
56 43
50 70
43 50
60 49
69 57
34 43
52 56
68 42
36 60
31 60
69 34
62 65
56 36
46 30
31 56
69 45
60 43
34 36
30 33
38 46
36 67
44 36
63 70
51 62
54 41
64 36
58 35
53 63
41 56
38 49
66 30
66 46
53 49
42 37
38 40
44 35
43 65
32 31
46 54
69 57
64 58
42 69
42 51
64 54
37 58
46 51
70 70
52 70
33 44
52 30
49 37
62 41
39 70
67 62
40 59
52 47
51 59
59 57
35 33
54 56
68 70
59 33
56 37
40 60
50 64
50 51
53 36
