100 1000 1527
50 44
59 50
68 32
64 62
44 48
40 48
49 51
69 70
49 63
69 41
46 55
32 51
67 40
65 48
46 69
54 51
39 32
38 44
62 34
51 47
55 69
55 70
49 58
35 53
53 68
63 65
63 50
38 52
33 65
47 35
45 54
33 49
42 56
41 51
57 54
44 48
68 32
31 30
70 34
64 56
39 65
70 38
36 48
47 56
36 36
31 68
66 39
44 43
43 53
35 60
52 59
68 59
45 50
53 69
68 61
66 42
70 54
57 69
63 48
36 58
49 47
37 48
47 64
59 66
32 56
36 61
57 57
43 51
33 54
53 43
61 70
36 58
49 32
41 65
46 57
31 53
37 50
56 56
55 56
58 50
67 47
36 46
70 46
40 46
68 60
38 56
56 64
64 64
62 44
47 33
42 70
47 55
58 52
70 46
43 43
59 42
63 41
60 30
59 30
61 55
