100 1000 1463
67 48
55 30
69 38
32 67
48 35
36 63
52 31
50 37
43 60
65 42
50 55
70 44
68 39
47 35
48 68
55 62
42 30
54 60
51 67
67 65
51 36
34 33
70 55
62 50
52 55
65 54
57 56
32 49
64 53
45 64
45 41
50 57
39 46
69 65
68 61
45 38
52 63
56 50
38 60
48 34
50 33
37 59
56 36
48 66
51 37
68 45
56 67
30 39
64 46
64 70
64 49
59 64
67 35
58 53
56 50
52 66
59 65
65 48
63 49
40 55
58 62
37 37
69 50
70 55
51 32
39 58
54 66
54 58
45 60
40 32
44 58
64 30
62 41
55 53
31 59
44 31
42 46
64 40
37 65
54 59
66 41
59 33
65 44
63 40
61 68
67 64
41 32
42 33
39 33
54 32
40 30
50 58
43 50
32 41
30 67
52 30
41 47
34 65
65 63
53 36
