100 1000 1576
43 60
31 55
60 60
64 66
64 65
39 64
57 55
31 57
66 45
32 32
33 58
49 50
55 38
57 38
64 48
64 46
48 60
43 61
60 65
54 44
50 39
39 51
32 54
40 39
48 31
61 55
33 38
65 38
58 69
39 68
68 34
32 59
68 46
68 62
64 42
70 43
65 64
48 50
65 50
66 31
67 49
53 38
46 62
44 43
68 45
44 48
62 56
49 61
40 41
40 36
52 68
45 66
58 52
64 38
30 44
54 30
63 68
32 53
51 51
46 37
53 30
31 45
68 59
69 55
50 62
62 67
31 66
38 69
69 32
59 44
60 52
48 69
60 42
31 51
35 49
58 68
56 41
61 35
56 33
36 65
32 41
55 48
37 47
66 66
52 63
34 47
62 44
50 45
68 54
66 61
64 54
40 42
33 57
42 56
45 60
34 58
36 60
58 42
58 48
54 63
