100 1000 1563
67 54
67 53
57 55
57 45
30 68
34 70
37 43
51 65
33 36
39 34
36 31
47 60
53 53
30 55
39 55
47 67
49 67
35 36
48 53
34 48
36 48
51 35
38 58
39 42
47 37
46 61
49 52
64 36
35 47
51 38
31 30
62 35
58 69
53 56
31 47
43 63
61 59
57 48
69 62
58 62
59 30
59 63
66 61
63 63
43 35
62 51
54 46
42 66
51 32
30 67
51 36
57 57
45 59
53 57
61 36
41 32
57 34
70 52
32 42
58 32
32 63
69 54
47 44
41 45
42 56
49 67
30 64
44 51
44 62
64 45
50 66
35 51
53 51
47 68
39 38
41 62
39 57
42 62
51 42
34 41
34 32
59 46
40 50
48 45
66 39
53 66
59 52
46 43
60 36
40 44
67 57
57 68
38 43
30 49
64 46
30 43
50 38
44 64
47 64
70 51
