100 1000 1550
42 57
56 69
67 69
31 40
35 59
31 34
65 47
63 70
64 67
51 61
57 44
45 55
46 44
50 45
52 42
51 64
61 44
55 42
37 61
52 56
43 52
47 35
51 34
40 50
51 44
42 50
70 53
55 59
60 39
50 43
33 33
57 63
34 41
65 56
30 51
50 37
49 34
34 49
66 63
51 31
60 49
65 51
38 47
69 39
69 64
50 59
53 65
38 69
50 57
41 31
57 70
38 70
38 69
44 63
52 35
60 42
60 43
50 45
45 44
35 66
42 31
47 49
54 51
31 46
51 63
63 66
38 31
68 66
44 46
40 42
58 43
30 58
58 65
61 63
70 70
32 58
42 69
66 46
61 38
39 41
41 60
36 41
48 54
70 67
31 57
39 55
62 62
32 68
43 33
55 33
58 41
67 70
45 61
44 33
34 66
62 65
49 46
63 63
62 33
59 57
