100 1000 1497
50 37
55 63
36 70
64 33
33 70
36 47
43 59
58 33
69 33
30 60
30 32
60 35
40 37
59 63
38 49
39 62
40 41
32 40
70 70
55 67
31 36
47 48
46 68
58 40
47 56
36 60
57 39
57 51
36 36
68 32
34 46
47 36
33 59
42 42
48 34
62 47
48 41
69 52
33 31
42 65
63 69
45 41
39 67
36 41
60 33
69 52
60 39
64 43
53 51
47 53
40 49
46 63
47 59
45 44
63 58
54 36
36 63
38 43
33 51
30 38
63 70
43 31
30 37
35 40
48 61
57 61
41 61
63 41
67 35
38 34
43 45
30 44
53 38
54 44
39 47
57 52
37 36
63 44
58 70
54 65
64 64
61 46
55 67
55 43
45 48
58 51
46 47
70 35
68 68
53 70
58 32
68 60
48 58
43 49
56 67
44 53
66 57
35 63
50 36
59 38
