100 1000 1586
55 55
55 39
42 57
43 34
37 34
64 60
38 34
54 39
37 67
58 55
44 69
39 50
47 51
62 36
37 60
56 32
63 67
33 65
47 64
50 52
44 54
30 38
40 41
35 58
44 70
40 37
48 68
70 46
44 61
63 63
63 44
56 42
40 69
30 33
46 38
57 53
67 70
50 70
70 56
39 58
59 42
32 32
32 64
31 33
64 37
61 37
43 40
70 56
40 67
69 48
66 44
59 55
68 46
54 62
43 40
35 31
48 57
37 43
49 40
40 46
43 30
68 52
60 31
61 68
32 44
43 54
40 49
49 47
36 65
51 38
50 35
52 49
44 61
63 60
49 49
44 57
31 39
63 41
30 31
50 42
52 45
39 31
61 39
32 55
30 56
32 49
43 69
63 58
48 33
45 32
50 52
61 42
45 47
35 33
65 63
57 68
54 36
70 62
32 61
35 70
