100 1000 1463
70 70
60 67
45 67
42 31
70 35
52 53
61 52
39 53
57 53
62 53
66 40
68 63
64 57
67 33
54 65
34 46
49 50
43 65
58 55
58 59
61 60
57 57
57 30
63 39
64 68
52 50
66 44
63 30
70 62
53 49
42 30
58 55
64 65
38 46
39 35
30 54
36 39
67 54
40 47
68 56
46 66
31 36
59 39
64 30
54 31
65 65
39 40
37 46
66 34
37 34
43 64
51 69
49 44
33 51
51 30
34 48
32 57
44 68
67 38
61 55
47 51
31 64
36 63
40 42
56 61
45 40
60 57
36 33
49 67
48 32
61 53
36 35
50 33
43 52
64 60
49 41
69 41
43 57
55 68
60 46
58 44
35 34
43 58
58 39
55 62
50 60
70 66
65 49
64 38
45 69
56 64
48 43
62 59
32 66
38 38
55 59
30 47
39 49
44 39
62 55
