100 1000 1512
46 67
70 57
43 54
31 45
68 47
34 53
54 52
62 45
68 36
56 30
33 69
51 64
57 43
51 39
56 68
67 69
38 65
43 47
48 39
36 41
62 38
53 64
33 67
64 51
46 60
42 69
67 53
37 43
51 63
40 70
36 54
60 53
66 46
50 55
70 61
41 50
64 53
43 33
43 49
35 46
67 54
70 43
44 54
64 62
53 45
45 69
68 47
58 64
36 51
47 46
53 34
69 47
61 44
68 32
63 43
58 32
49 45
40 36
43 30
50 68
58 47
56 42
36 66
67 48
40 65
70 38
31 35
51 65
65 63
58 67
45 38
40 42
55 65
34 52
34 38
56 68
43 39
44 42
52 66
43 69
49 63
58 56
53 65
69 31
63 50
52 34
47 61
30 35
57 55
37 62
56 70
61 57
54 37
33 33
59 34
57 51
50 66
57 32
48 69
50 31
