100 1000 1488
63 63
34 66
57 59
55 41
40 53
31 68
60 69
40 49
69 68
67 38
37 46
50 53
47 42
38 57
34 49
31 45
55 45
61 63
39 49
33 40
40 31
55 64
41 43
51 55
54 62
54 51
45 33
70 40
62 47
69 43
60 31
56 48
44 61
37 69
61 33
49 41
32 70
69 68
45 51
62 30
57 61
46 37
33 32
32 41
50 63
37 33
49 54
57 39
57 45
35 61
70 42
54 32
54 42
49 43
64 52
46 53
68 32
62 57
39 38
63 41
58 61
50 51
68 67
30 35
59 69
65 63
39 54
60 33
65 62
70 34
36 46
30 35
39 47
39 46
44 50
53 62
64 59
56 58
32 45
61 39
68 61
30 57
32 44
58 50
64 57
59 56
66 47
33 54
48 70
55 59
70 55
69 35
36 56
46 54
34 31
56 67
33 63
70 40
59 50
43 54
