100 1000 1503
46 58
57 51
59 36
47 33
53 37
59 39
35 59
52 41
58 49
69 47
65 33
47 53
45 48
68 52
67 50
41 44
42 34
63 51
34 32
33 53
52 51
35 67
37 49
46 49
57 67
64 53
59 45
49 38
57 33
43 48
39 69
65 31
65 46
66 46
42 66
30 51
57 58
42 44
36 52
30 68
58 67
63 67
53 31
65 59
63 43
67 52
64 67
34 49
48 58
49 56
42 62
61 42
57 47
44 41
59 60
38 36
42 55
54 69
55 60
35 68
54 52
42 44
64 57
47 64
61 69
64 56
56 51
43 38
38 30
61 59
50 63
40 66
68 48
66 46
49 43
57 63
60 61
36 44
44 60
66 65
60 36
48 39
30 41
32 53
37 40
68 68
64 57
30 54
50 66
37 31
51 67
51 46
58 67
54 34
48 34
48 61
34 41
67 65
50 46
47 67
