100 1000 1588
33 60
42 69
59 37
48 65
34 36
58 31
33 64
67 68
45 49
44 44
50 62
57 62
47 55
62 60
30 53
48 54
66 47
31 44
58 39
67 51
31 66
41 46
63 49
58 70
46 67
43 63
32 38
70 68
45 36
57 36
33 31
64 70
52 63
64 69
68 33
66 49
62 33
37 59
49 67
68 53
31 35
68 50
48 64
57 51
44 39
47 67
43 50
67 47
52 48
61 37
49 45
54 58
39 51
31 34
58 61
30 42
34 40
33 53
37 63
60 55
64 47
58 45
57 43
50 67
51 47
32 50
37 33
35 44
41 67
39 54
35 34
33 63
33 50
42 49
59 38
38 68
52 36
41 35
35 56
37 43
37 31
44 48
56 64
41 59
50 35
41 54
65 32
31 59
40 57
34 46
70 36
57 40
56 40
47 38
45 48
47 66
70 61
34 44
42 48
40 68
