100 1000 1680
37 65
67 61
68 31
31 50
32 43
65 45
47 41
40 47
69 64
42 40
51 33
58 53
62 54
46 60
63 68
61 35
57 34
42 38
46 55
42 48
37 54
59 61
44 50
48 53
58 68
31 54
66 56
41 45
70 32
60 65
59 41
63 55
34 60
42 43
46 69
41 30
48 35
54 48
57 59
41 62
35 66
37 62
53 50
31 55
35 68
51 36
55 30
45 42
51 46
60 58
45 45
60 67
45 49
30 69
42 59
37 53
31 57
70 34
40 58
35 55
31 62
34 50
55 41
33 67
69 69
50 42
68 53
61 32
49 66
43 60
46 39
41 61
46 44
51 47
33 53
37 70
65 66
50 67
52 34
64 30
33 52
55 46
51 54
59 61
42 32
70 30
55 30
35 30
56 51
36 59
42 52
57 41
38 43
48 67
65 35
69 44
32 65
66 50
35 65
32 40
