100 1000 1535
62 32
55 64
47 44
60 47
56 64
68 35
56 34
47 55
67 43
59 30
42 38
44 64
48 30
41 68
35 45
38 70
49 51
56 45
60 45
35 54
58 42
63 49
31 37
35 44
54 57
30 68
64 67
51 35
36 40
31 50
66 43
54 62
62 30
58 42
45 50
45 62
70 49
36 42
68 52
54 48
31 68
68 45
41 34
69 56
49 64
38 64
53 59
46 40
48 60
35 64
30 54
63 40
47 51
45 31
46 46
53 32
69 32
67 62
41 42
48 39
32 61
67 44
63 48
56 60
70 65
55 37
41 63
31 32
68 40
30 52
49 63
59 64
50 69
68 53
67 34
60 40
64 66
34 40
48 69
64 63
62 44
41 62
60 46
42 31
68 30
42 57
48 38
44 35
38 51
49 33
61 53
70 70
59 67
58 58
64 69
37 31
34 56
38 49
51 64
53 50
