100 1000 1521
37 51
60 62
69 33
51 42
45 47
49 51
48 39
42 44
69 42
53 32
50 41
61 61
46 38
50 62
47 56
43 61
47 41
58 32
34 57
37 42
69 69
50 41
32 69
53 50
66 36
57 46
61 31
49 62
52 30
51 36
34 62
32 32
36 64
48 38
63 68
38 35
43 68
54 67
58 52
64 49
33 31
54 54
51 65
43 65
51 51
40 69
63 44
63 49
70 67
47 47
31 49
50 52
56 69
57 59
37 38
43 46
33 35
40 31
68 37
50 32
44 30
60 67
41 35
42 38
57 55
69 52
35 49
57 34
47 53
63 51
46 47
37 46
50 51
67 54
40 54
30 66
60 70
34 65
65 33
33 41
49 59
58 39
37 51
47 66
38 40
47 32
65 64
42 50
68 39
36 55
36 61
42 67
61 35
44 62
50 35
51 56
65 47
59 63
65 65
35 47
