100 1000 1615
62 56
30 70
42 70
56 57
37 31
66 34
61 46
31 37
37 46
42 64
34 45
40 35
70 56
69 38
44 70
63 37
51 44
53 46
62 32
40 32
53 42
68 34
53 56
52 70
37 63
36 64
50 49
57 63
50 40
55 43
49 40
57 65
33 60
50 68
68 63
54 50
69 45
66 69
60 45
38 68
39 42
70 51
58 30
52 56
63 51
69 35
36 31
57 55
36 32
44 63
43 62
46 67
58 36
38 49
50 56
67 51
32 62
32 60
64 63
31 64
57 67
52 49
69 70
55 30
30 53
40 54
31 42
69 55
40 64
37 63
39 39
30 53
43 65
39 49
66 48
59 34
41 47
47 35
58 49
31 35
59 46
69 70
42 57
50 57
45 30
67 42
44 45
57 46
52 52
30 39
62 48
63 53
58 31
64 35
35 41
30 61
58 37
67 52
30 42
69 39
