100 1000 1577
58 32
46 36
50 70
64 37
68 45
47 59
43 31
59 53
50 55
34 30
34 56
46 64
35 67
55 66
46 56
33 70
53 56
33 34
42 59
55 44
34 35
58 54
59 64
64 60
48 64
56 66
58 56
60 30
53 36
57 34
35 49
47 38
40 63
55 49
38 46
46 66
70 60
68 37
61 37
40 55
34 37
50 59
30 31
64 44
58 40
58 45
43 52
65 61
30 66
68 33
60 38
47 39
55 70
60 39
31 51
39 34
37 57
69 39
48 60
55 50
41 68
64 44
63 63
64 59
49 33
62 49
38 57
38 37
45 42
69 41
45 60
30 67
68 60
38 62
70 47
44 31
49 67
63 61
46 37
44 49
43 61
30 36
55 39
56 61
44 32
36 70
48 39
32 63
58 70
40 57
31 38
50 53
53 54
37 40
60 33
59 54
40 57
70 37
43 69
47 55
