100 1000 1419
42 47
51 40
38 34
48 69
47 44
33 47
52 67
33 58
56 32
35 70
50 35
49 62
39 33
48 51
67 54
69 60
40 51
58 37
46 34
30 30
42 37
30 35
63 60
70 44
36 54
62 61
59 31
64 62
51 60
61 60
39 57
66 48
63 32
59 59
54 53
48 53
37 39
64 53
68 34
62 56
34 34
33 47
65 39
62 58
54 35
67 41
51 57
62 55
62 60
39 65
33 63
50 57
35 40
36 39
61 64
58 53
69 62
44 52
48 62
59 39
52 57
59 56
59 58
39 34
61 51
66 57
40 32
39 47
43 36
33 66
48 70
49 65
56 56
40 38
68 37
54 60
60 64
65 62
61 49
40 48
33 36
33 36
54 62
62 47
35 30
35 36
52 49
59 70
61 47
70 45
44 34
56 51
39 46
49 61
33 67
45 38
69 61
55 48
50 55
50 52
