100 1000 1604
51 58
67 54
58 37
61 39
48 32
48 58
60 67
36 40
56 67
42 51
31 67
68 60
59 67
40 32
58 35
59 35
50 69
31 32
32 70
47 50
31 50
51 60
68 31
38 50
56 66
61 56
52 65
67 56
44 59
31 37
66 46
58 47
48 67
55 57
55 61
63 32
69 54
45 57
41 48
54 43
66 59
44 62
36 39
56 48
32 59
37 66
65 63
33 67
46 47
49 53
30 34
67 40
40 70
61 45
39 37
40 63
51 42
64 51
59 48
32 65
63 61
41 42
58 64
41 59
38 36
59 48
65 42
44 35
60 58
35 55
38 64
67 39
63 40
35 60
43 42
60 61
35 46
37 67
42 34
66 65
55 35
48 55
32 49
33 60
51 32
54 63
50 30
49 31
48 55
42 40
37 69
56 43
53 55
52 63
48 69
45 40
69 70
44 32
57 62
51 59
