100 1000 1545
62 30
35 46
46 41
53 34
30 44
35 48
53 30
47 68
68 64
69 40
32 40
57 57
45 63
32 42
60 64
39 57
30 46
45 69
63 58
54 35
65 70
34 54
44 41
44 39
44 69
59 63
34 47
65 62
47 36
61 30
70 64
39 35
46 32
38 57
70 31
48 52
61 32
49 68
48 37
40 50
63 64
69 36
62 53
55 40
60 64
49 37
30 43
33 34
43 43
68 61
40 65
49 58
64 50
32 69
39 40
43 65
43 64
35 52
42 44
32 70
61 57
47 43
60 34
52 45
62 43
34 35
31 60
56 55
31 65
57 47
46 38
35 38
56 54
68 57
32 49
61 64
66 50
68 43
48 43
54 53
34 34
38 44
70 57
63 51
68 44
55 59
50 46
44 43
69 44
55 70
70 50
37 46
37 59
68 37
35 40
41 50
56 63
33 42
52 35
40 60
