100 1000 1528
55 65
47 32
62 59
57 62
68 64
59 33
69 50
63 39
31 33
49 50
51 56
57 61
68 56
44 60
49 46
50 49
34 53
33 41
45 55
37 69
34 40
60 31
63 70
70 61
33 48
30 48
49 38
57 67
54 38
44 69
44 60
45 36
51 33
37 30
60 30
62 36
53 30
58 55
65 68
48 65
65 52
34 37
37 50
61 57
57 36
48 48
39 63
40 40
38 38
34 54
46 45
63 41
63 63
67 61
60 64
63 39
51 50
45 38
69 63
70 53
33 67
65 59
61 42
42 56
39 53
48 38
56 61
63 30
40 53
45 48
42 70
38 65
45 42
55 65
60 43
53 32
61 45
52 66
59 44
33 58
65 30
61 59
60 42
58 51
70 50
34 61
65 40
66 42
64 59
57 36
44 67
51 35
65 58
70 60
41 44
32 69
47 66
57 54
54 35
35 64
