100 1000 1407
67 56
44 51
55 64
49 42
66 53
58 53
57 70
68 54
30 44
66 62
68 38
40 45
50 37
46 47
57 67
69 40
43 31
65 51
56 65
58 33
31 57
68 55
33 37
38 37
36 34
63 55
39 30
39 49
31 55
51 66
48 30
69 67
65 31
44 30
68 30
69 54
45 52
48 43
30 52
52 41
69 63
32 33
36 49
42 58
70 61
69 33
70 45
35 41
31 34
43 31
49 57
42 65
65 36
38 35
39 39
70 59
65 52
35 55
48 59
66 51
49 30
55 67
67 62
38 60
33 57
37 38
65 65
46 47
65 42
34 60
59 49
34 37
58 45
63 31
63 30
39 35
42 30
59 60
53 40
55 36
69 60
66 64
30 41
54 44
54 59
50 47
31 43
45 66
45 41
65 60
43 52
35 49
52 48
52 51
45 53
49 66
40 57
68 67
64 58
58 68
