100 1000 1570
66 52
59 53
37 51
30 58
41 34
46 36
55 34
62 43
57 32
31 65
66 62
64 54
35 33
69 65
52 57
42 65
47 67
40 62
33 56
56 38
65 49
56 63
34 52
69 43
51 65
45 41
46 44
49 49
52 56
35 46
41 57
49 56
45 62
70 46
40 37
36 46
33 48
68 44
30 35
63 48
32 62
60 68
37 39
54 34
35 34
60 39
56 35
32 58
49 36
59 41
44 51
47 66
59 65
53 46
53 55
42 46
38 31
43 59
37 52
32 59
41 69
69 70
38 31
68 31
50 60
60 67
63 55
69 38
52 35
45 50
63 63
60 39
41 52
47 48
68 30
60 34
66 61
47 68
33 38
63 50
49 65
56 40
34 67
52 64
37 30
31 54
50 68
32 51
46 62
39 56
70 56
54 61
51 31
65 40
38 65
32 34
42 43
70 39
48 56
33 53
