100 1000 1475
68 68
42 54
38 48
53 63
39 58
61 47
48 51
64 37
57 50
66 51
52 58
42 62
57 58
39 42
33 40
49 56
55 62
41 62
57 52
55 50
65 66
68 32
59 56
47 50
51 34
61 48
60 64
40 45
61 52
55 50
65 46
64 63
40 55
48 30
33 70
47 46
66 52
69 39
37 42
61 64
49 39
40 52
49 68
56 54
54 31
49 43
48 70
69 32
45 31
44 36
49 47
49 48
51 32
57 52
32 42
30 67
61 31
51 49
52 31
35 50
57 30
40 43
43 36
36 63
52 56
50 38
38 38
52 56
69 69
63 50
64 65
60 53
48 47
47 69
33 48
51 62
57 66
67 49
49 53
34 42
35 68
63 35
58 52
56 55
48 56
38 42
31 61
49 34
36 38
55 30
58 45
54 45
44 32
47 68
62 66
42 36
50 33
32 59
38 53
43 53
