100 1000 1601
44 49
62 30
35 46
34 44
66 55
40 60
64 63
65 39
39 37
31 37
47 45
39 47
31 32
70 42
41 31
61 34
50 66
56 55
31 62
64 68
70 57
61 46
55 40
48 70
51 70
52 42
56 64
53 51
30 69
64 57
34 41
65 50
36 51
31 64
43 35
53 30
32 58
53 59
36 63
61 39
34 39
63 47
45 36
62 50
45 53
41 53
33 56
52 70
54 67
37 43
39 44
43 35
62 41
69 66
38 39
60 60
63 54
59 59
43 38
34 35
70 39
65 56
43 44
44 38
69 56
40 64
37 42
40 45
49 63
47 58
38 69
57 58
51 44
49 38
44 51
69 43
62 48
31 63
49 56
30 68
30 34
47 47
49 44
41 52
63 61
53 68
67 43
68 30
34 67
50 61
36 57
36 68
53 50
32 46
60 57
61 55
62 41
39 66
47 38
58 63
