100 1000 1576
55 53
58 42
51 52
69 61
45 60
35 51
56 56
60 66
37 33
61 32
63 53
36 51
39 50
68 43
49 45
70 67
44 48
31 54
39 44
64 38
30 57
47 63
34 41
43 43
54 44
65 47
63 70
44 34
53 58
32 56
52 47
46 50
58 42
68 62
57 50
32 56
64 68
63 52
30 64
40 62
48 31
60 53
50 42
44 65
69 36
61 36
31 47
34 38
54 49
64 70
60 58
33 52
50 70
53 43
49 50
57 43
37 60
58 55
37 45
33 54
69 35
36 44
60 64
54 64
43 57
65 51
43 33
68 34
66 41
30 65
31 53
55 66
34 48
60 55
66 36
66 66
64 35
31 37
51 51
39 49
63 61
53 43
65 58
32 48
35 48
39 38
66 52
41 69
35 41
56 32
51 42
32 70
43 61
43 36
66 67
65 34
31 36
30 61
44 53
70 65
