100 1000 1622
43 66
36 30
58 69
42 31
47 36
61 43
56 42
44 56
33 58
56 59
63 65
33 50
64 62
33 54
51 49
45 64
55 35
41 70
63 54
31 64
39 37
68 30
39 65
43 67
49 34
68 32
64 51
51 69
36 58
69 68
69 55
68 36
43 70
33 43
53 66
54 38
50 62
69 66
69 66
63 40
39 69
58 40
47 33
68 48
33 67
40 44
57 30
70 56
56 34
67 47
36 64
39 36
53 45
31 30
67 55
34 47
52 46
34 54
41 34
35 60
46 66
30 70
32 49
52 56
53 69
56 30
42 36
34 58
30 35
47 66
55 32
60 69
33 41
38 52
66 33
61 62
59 62
39 50
65 48
62 65
42 39
48 67
56 39
34 43
52 42
32 40
35 65
60 62
55 50
41 52
65 70
42 56
66 67
53 44
37 56
37 31
55 46
32 38
36 43
60 30
