100 1000 1494
66 44
43 64
66 51
37 30
70 70
68 55
48 58
43 44
43 58
31 30
37 41
33 31
48 51
36 45
37 43
36 36
68 51
68 31
64 40
56 46
63 67
36 51
63 31
41 55
50 54
37 52
65 70
57 48
62 40
38 68
50 54
62 58
37 60
43 63
33 45
33 36
55 45
35 56
64 60
32 50
62 62
32 66
37 38
55 64
67 36
61 53
60 60
41 38
56 52
32 39
65 67
64 70
51 64
41 50
50 34
49 58
51 67
36 50
69 32
67 58
37 47
48 70
62 59
54 48
56 70
30 68
65 44
58 37
70 35
61 67
70 61
30 30
51 58
50 59
66 56
31 68
39 70
67 37
46 61
57 58
60 61
39 44
54 34
69 65
62 42
51 58
30 42
67 39
68 41
33 50
63 51
56 43
58 39
40 54
62 52
38 31
48 57
65 42
56 40
66 40
