100 1000 1535
51 35
66 45
40 66
56 45
51 44
64 66
37 34
52 42
41 50
46 39
40 36
47 42
45 64
46 45
49 59
55 40
52 39
50 31
60 39
52 40
33 60
54 65
58 54
57 54
70 37
39 57
51 67
31 33
58 56
34 48
59 64
55 57
32 42
37 47
56 70
67 41
61 32
55 53
69 48
56 60
41 41
70 54
47 64
40 45
38 38
50 65
43 62
58 34
66 65
34 61
66 46
67 31
62 48
51 48
37 50
45 70
66 59
49 50
54 50
53 50
56 36
44 56
68 41
57 43
58 43
42 70
58 54
45 57
40 50
52 70
35 62
55 52
32 58
30 39
70 49
56 42
36 48
48 50
32 43
46 38
49 35
64 35
40 57
48 35
52 40
36 63
32 48
40 65
61 31
31 43
57 41
59 49
57 60
35 66
37 64
30 55
48 63
47 31
30 37
42 48
