100 1000 1514
70 56
66 42
37 41
50 54
37 68
42 42
65 67
66 55
32 43
41 65
33 36
62 64
46 56
52 62
37 32
53 58
48 67
61 69
33 62
43 38
51 47
51 38
32 43
70 45
41 47
46 50
44 62
52 70
42 62
41 55
39 55
63 30
39 49
34 43
63 43
51 39
63 50
42 50
62 52
49 44
50 42
43 42
54 53
61 30
68 30
56 66
37 70
56 35
48 33
36 34
40 57
67 41
54 30
70 31
55 69
69 39
33 32
40 57
66 35
35 36
49 60
46 70
61 52
37 30
44 39
54 40
61 63
66 52
43 66
30 70
62 36
66 66
46 33
58 67
64 44
53 63
50 53
36 44
32 58
35 67
68 52
60 45
31 49
35 54
30 35
46 41
65 35
63 47
66 46
37 37
64 43
59 30
51 33
48 65
61 56
70 70
44 56
59 67
61 61
48 61
