100 1000 1701
47 60
60 35
59 39
48 50
57 47
61 56
46 68
41 33
51 69
45 50
54 42
45 68
57 37
58 52
43 61
32 43
67 58
35 51
35 67
45 39
51 43
57 65
32 66
64 51
52 50
35 59
54 68
35 35
37 37
44 62
49 63
68 69
52 70
31 67
66 40
64 46
40 70
34 66
63 34
33 64
67 34
69 65
65 30
65 67
68 50
65 44
53 38
65 61
67 44
46 48
30 68
66 30
43 41
51 49
52 57
68 52
69 66
64 32
33 33
32 58
30 37
52 70
52 50
58 58
55 38
40 61
47 44
66 50
56 66
48 64
60 56
40 64
49 65
61 41
31 69
47 46
61 69
33 46
42 52
52 37
33 60
62 37
65 38
59 41
62 38
62 66
41 61
34 43
31 65
40 40
51 54
32 70
36 58
62 56
48 46
36 33
30 58
42 68
43 41
63 63
