100 1000 1522
41 48
55 47
42 42
66 52
59 43
57 44
58 39
33 56
58 47
37 39
52 59
37 45
70 36
62 51
37 34
59 49
35 51
43 47
68 43
38 58
65 35
63 65
57 44
36 40
41 57
44 59
55 47
36 41
39 41
60 67
69 54
66 61
32 63
49 31
69 58
64 66
42 56
67 43
35 30
38 34
65 45
62 47
65 33
54 58
65 33
33 44
50 66
31 67
62 55
51 34
47 55
37 41
39 59
53 37
50 68
48 30
36 62
33 31
35 62
34 53
60 39
41 46
48 60
44 40
60 33
30 37
70 54
70 39
67 69
55 44
46 33
42 56
47 63
54 68
54 40
48 54
57 65
30 69
37 54
39 52
62 50
40 67
47 65
30 37
41 32
32 39
66 50
42 57
49 70
31 36
37 55
44 59
67 41
64 66
68 63
53 34
55 59
39 66
63 58
69 47
