100 1000 1594
63 44
54 45
46 42
34 60
30 46
48 44
33 53
57 69
70 57
48 46
62 63
49 64
40 53
58 61
45 43
63 70
36 33
40 30
67 31
53 47
50 65
48 65
47 38
47 40
36 35
60 69
60 38
34 68
44 31
70 59
36 46
50 63
55 39
62 58
40 38
61 61
57 61
30 47
67 43
54 40
34 55
53 68
38 51
31 58
64 68
61 69
62 49
68 47
51 41
55 62
65 53
66 40
45 46
39 46
43 57
65 48
37 50
44 70
48 46
53 61
36 48
32 70
37 38
47 48
53 46
67 42
66 59
64 31
62 31
38 42
34 60
47 46
53 40
62 63
48 37
46 32
32 66
51 49
63 57
42 49
58 30
49 55
64 54
39 68
36 67
53 61
32 52
64 51
59 39
46 67
38 32
42 40
34 69
59 67
64 69
50 44
63 62
65 57
30 56
33 59
