100 1000 1552
39 45
41 50
31 61
63 65
48 70
51 63
44 69
51 67
49 46
30 46
43 31
39 45
62 62
41 40
60 51
60 62
37 57
53 67
52 67
57 67
50 30
61 63
36 42
46 61
34 50
45 51
43 63
64 39
55 49
38 43
70 47
54 50
46 54
68 52
66 65
31 43
54 39
69 36
34 56
52 38
34 55
35 62
58 43
52 50
57 47
70 32
36 62
47 30
40 44
64 53
64 43
42 68
31 64
50 70
68 59
52 62
43 55
41 61
36 42
38 33
70 32
58 66
35 66
59 52
44 57
68 52
59 45
39 41
52 65
56 67
36 52
67 58
48 49
51 34
43 33
31 34
61 47
66 49
48 56
34 48
69 68
30 47
36 50
52 60
40 70
40 67
55 45
49 54
46 31
51 67
52 51
58 64
64 70
44 45
33 44
70 47
40 52
63 46
64 62
45 32
