100 1000 1560
37 44
51 34
45 37
57 53
40 44
47 69
37 49
41 50
33 33
44 69
35 30
47 57
62 38
37 34
60 42
41 55
62 30
59 48
35 64
56 36
64 30
69 52
63 58
55 68
50 53
33 53
49 67
34 67
42 54
38 46
39 64
69 69
52 64
38 54
41 63
48 66
42 58
39 47
61 54
36 33
53 42
45 66
66 38
65 57
57 41
37 53
66 64
50 69
47 58
47 49
34 54
66 39
35 68
44 44
44 41
51 60
68 34
46 64
38 51
36 33
61 46
30 65
44 37
66 63
48 60
47 30
68 63
47 32
55 43
48 63
66 56
48 61
56 54
43 52
52 70
61 32
57 69
36 61
38 58
59 40
46 70
32 59
48 42
51 47
65 65
52 31
36 46
53 54
66 40
32 35
50 58
44 43
37 66
70 45
61 36
39 44
54 61
40 36
62 34
44 61
