100 1000 1625
41 31
56 39
34 68
58 30
54 68
59 51
33 35
38 42
61 60
46 44
48 62
63 34
52 65
43 42
30 60
41 38
65 62
34 65
47 62
44 55
31 63
66 46
37 36
47 66
44 65
30 42
40 59
50 48
40 57
70 62
57 39
31 53
66 50
68 59
45 32
67 61
36 36
51 42
63 34
64 39
45 40
63 65
30 48
70 64
66 30
68 67
31 44
57 56
30 50
44 47
42 62
49 56
48 70
49 64
30 58
45 61
57 64
69 57
32 57
38 42
65 40
39 54
44 63
70 58
40 56
39 35
43 62
70 63
63 31
58 60
43 34
57 64
43 49
53 64
33 38
30 70
65 57
65 58
70 55
39 51
30 38
42 70
35 44
38 64
63 70
33 59
34 62
49 62
30 33
49 60
56 44
64 46
70 70
46 67
61 66
67 36
51 30
67 37
43 65
57 68
