100 1000 1577
40 64
34 70
35 54
65 42
52 43
63 65
38 49
33 54
67 56
53 57
67 61
54 30
54 44
57 40
65 44
70 35
62 42
49 31
42 46
48 49
31 37
57 55
51 64
34 53
41 60
62 49
67 68
68 53
36 69
59 44
47 32
39 47
55 68
37 48
35 70
50 33
61 33
61 53
69 56
67 68
37 35
34 70
63 45
39 47
42 51
47 60
38 45
48 46
33 47
65 32
42 45
31 64
54 40
63 32
41 57
61 69
48 35
47 45
33 63
59 42
66 58
53 37
65 57
35 68
37 56
44 68
54 70
34 33
31 36
63 33
30 40
56 56
65 47
46 68
67 59
42 52
36 42
37 48
62 38
56 61
48 46
45 44
51 43
33 48
53 41
49 60
54 57
65 31
65 56
52 49
51 59
35 61
31 56
62 70
44 49
43 49
46 52
43 35
64 63
42 30
