100 1000 1486
64 37
59 52
63 52
34 41
50 46
33 49
63 40
31 70
56 33
44 31
31 44
44 39
42 68
41 39
57 35
51 65
65 52
30 39
62 30
51 61
49 61
59 45
54 65
35 50
39 47
51 34
38 52
48 52
65 37
30 54
60 33
55 57
42 59
48 70
64 65
58 44
48 67
61 63
62 40
40 39
32 40
44 44
43 32
43 66
36 36
41 47
51 38
30 38
31 33
32 40
55 65
69 41
38 69
49 62
67 39
49 31
40 59
35 40
37 66
66 33
67 52
52 34
37 54
50 56
64 34
62 33
63 64
53 43
52 62
38 43
54 69
64 62
43 30
41 33
58 51
35 44
47 54
69 46
47 52
68 31
46 34
39 42
46 70
30 47
42 52
48 37
56 64
67 46
67 64
44 39
49 30
40 39
50 36
34 67
62 38
63 34
51 60
51 69
48 39
61 63
