100 1000 1532
57 42
43 60
53 35
41 30
49 35
36 61
54 63
55 50
64 35
36 31
61 45
48 67
62 65
66 51
41 33
38 55
69 63
50 37
35 58
48 57
55 33
32 43
38 33
43 49
33 31
56 61
58 42
35 47
46 34
56 37
39 32
30 47
49 44
33 70
35 39
40 68
59 33
39 39
44 43
59 58
42 57
56 51
53 69
58 34
52 34
47 36
49 49
34 37
70 40
70 42
57 53
57 34
38 68
42 65
43 38
52 36
56 47
44 65
58 67
30 47
67 59
52 62
37 40
58 35
64 34
31 55
69 52
48 44
40 30
35 41
35 68
48 63
39 43
52 40
68 62
44 63
65 40
58 41
30 58
53 47
40 61
41 32
44 32
55 68
66 38
51 30
61 52
65 48
58 36
54 59
35 59
59 31
31 45
42 31
36 55
64 60
35 44
63 70
61 65
68 46
