100 1000 1555
56 49
58 43
60 36
61 33
39 42
68 48
40 47
46 31
30 43
54 62
60 36
60 47
40 37
33 63
39 42
59 36
36 68
42 46
53 54
68 69
69 34
44 41
35 30
35 65
45 55
33 50
51 55
40 53
54 37
64 63
34 68
59 30
51 40
65 35
51 46
33 59
62 40
40 44
40 48
44 70
68 41
32 58
37 44
41 37
37 44
49 54
39 66
67 54
31 58
52 64
39 48
61 38
57 54
68 65
69 42
68 37
46 57
43 63
39 33
50 51
39 34
62 42
56 54
69 46
43 54
57 68
40 70
46 53
34 43
39 33
34 32
34 60
40 31
70 35
60 30
62 38
33 38
39 44
46 33
35 53
58 48
63 47
34 65
68 44
56 57
45 43
32 36
63 58
38 44
58 68
57 60
65 56
65 52
34 69
44 61
43 44
48 40
65 38
44 55
49 64
