100 1000 1437
43 69
38 67
48 48
33 52
67 66
40 42
57 59
49 56
36 30
34 47
31 37
57 68
33 66
62 50
59 47
51 47
70 39
65 45
68 38
60 50
37 54
39 56
57 34
59 62
41 32
48 33
65 47
55 65
50 70
50 68
41 32
53 68
51 44
69 65
35 31
62 52
68 55
45 62
54 30
49 52
30 44
46 53
68 45
47 32
69 31
36 70
57 57
58 47
34 48
51 42
65 30
67 33
58 67
59 54
53 58
50 61
64 60
58 53
59 33
50 53
59 70
41 46
69 46
70 47
62 60
57 68
60 37
55 54
47 50
54 32
43 45
49 58
61 31
60 38
52 34
45 43
67 62
55 48
54 66
45 48
38 54
35 36
63 37
53 39
51 33
37 56
39 37
58 30
30 31
54 33
31 49
67 35
62 30
64 54
65 68
64 59
31 63
35 44
42 55
63 68
