100 1000 1533
32 62
63 35
48 46
66 39
32 50
43 70
50 37
69 50
33 40
67 55
31 51
58 55
63 51
43 64
39 33
58 59
62 63
70 62
36 51
37 58
54 48
34 43
63 38
40 67
46 50
40 43
56 41
70 40
66 53
46 44
43 70
31 63
31 68
31 41
41 66
62 30
64 30
63 33
62 44
58 31
58 53
50 34
38 37
52 33
30 43
51 57
56 36
62 51
30 35
30 33
64 43
55 32
41 45
65 31
46 47
46 50
62 36
65 49
31 30
31 49
33 64
64 69
47 48
55 30
54 41
40 51
48 39
58 30
66 65
47 57
69 36
31 36
63 34
69 68
54 65
63 50
70 68
58 47
39 40
44 32
54 40
50 31
31 66
38 45
60 40
35 38
41 66
63 57
56 37
62 52
68 57
50 39
55 38
61 57
59 35
43 63
55 37
66 68
49 56
38 62
