100 1000 1518
63 34
45 33
34 66
34 36
53 50
58 43
31 43
47 60
56 35
60 51
63 44
53 67
46 41
47 46
45 56
62 50
45 52
32 52
48 49
30 43
37 51
43 44
67 70
65 46
68 35
33 38
32 59
45 59
68 39
53 67
68 34
32 45
57 55
35 39
48 57
31 30
45 42
60 54
66 30
30 69
34 48
58 61
40 54
47 65
37 46
50 53
68 53
57 69
47 48
44 62
55 69
44 64
43 41
50 45
65 59
35 69
58 45
39 41
41 49
63 30
37 42
49 48
66 40
64 65
39 48
38 43
40 44
65 55
59 69
34 62
51 49
47 60
53 50
36 68
69 67
48 50
50 64
45 61
69 47
68 64
68 69
49 35
36 47
62 69
50 49
70 52
55 40
42 40
31 48
38 67
46 39
36 35
43 68
56 57
32 48
56 61
69 30
47 35
58 56
56 49
