100 1000 1523
60 36
51 63
31 55
46 44
61 31
40 67
46 68
46 69
46 59
48 33
63 44
68 61
56 37
70 45
61 35
53 63
50 58
43 64
55 46
31 40
60 39
52 66
36 55
64 36
43 39
62 66
68 66
54 34
56 65
66 66
64 64
41 37
53 41
70 52
62 44
55 38
64 32
53 53
61 55
42 57
45 68
70 35
33 36
35 50
60 49
34 47
41 33
48 56
31 63
51 42
57 67
37 69
44 58
64 56
41 64
64 58
36 45
62 41
62 65
53 58
49 36
36 66
63 43
55 54
38 69
32 62
49 37
52 37
57 37
57 58
63 58
35 32
55 47
53 39
64 49
33 34
44 63
55 49
51 51
60 33
60 31
43 58
63 37
41 41
65 33
57 51
67 49
46 44
59 67
50 53
44 67
62 63
48 37
66 64
58 44
65 69
40 64
47 65
50 45
61 66
