100 1000 1504
69 59
45 59
58 54
48 49
52 40
41 68
53 47
32 48
60 47
60 66
30 58
60 41
59 48
68 68
42 48
65 46
34 42
58 65
51 63
31 37
60 47
46 43
48 63
50 61
68 45
67 34
70 59
35 59
67 53
41 62
51 56
34 41
66 31
30 62
33 43
36 59
54 69
48 69
54 67
66 48
48 30
44 70
41 30
62 30
41 57
34 41
63 34
52 50
65 57
66 47
42 57
69 67
63 63
45 54
39 51
48 63
44 33
60 31
50 40
57 35
65 52
68 64
33 39
51 33
45 36
59 55
66 68
43 66
68 52
41 38
46 65
56 62
45 33
44 55
43 43
50 31
48 60
38 31
44 34
63 68
47 39
45 70
37 64
35 32
33 60
64 37
63 54
33 68
52 60
55 43
49 35
70 61
38 33
37 44
45 43
51 36
69 39
36 47
40 47
50 60
