100 1000 1520
38 62
54 41
48 68
34 42
44 61
67 66
42 51
51 41
47 60
38 43
67 45
48 59
51 58
49 37
60 37
39 45
60 44
68 42
49 53
47 39
45 64
30 61
50 33
36 35
62 58
42 46
48 36
32 33
42 36
62 45
32 60
64 56
41 39
47 37
36 68
67 64
34 45
49 40
67 42
41 37
32 32
43 53
58 69
54 60
49 47
66 49
62 46
42 66
38 42
68 44
39 57
48 32
67 33
35 47
52 42
49 70
44 32
44 50
42 32
43 58
52 61
60 30
70 49
66 57
62 70
55 47
43 34
38 42
60 70
44 41
61 63
37 33
58 32
55 33
47 57
58 52
57 45
36 62
53 34
54 33
36 69
54 31
66 64
38 53
50 50
54 70
64 43
56 36
31 56
31 45
49 50
60 60
66 67
53 59
41 68
43 55
69 60
46 66
41 64
42 69
