100 1000 1583
41 50
43 60
48 35
69 68
49 53
47 69
67 52
36 61
30 39
33 56
39 50
64 32
36 57
40 65
44 35
64 39
69 51
47 43
68 64
49 47
39 44
30 43
61 40
63 35
39 39
46 33
63 32
66 52
37 48
30 30
55 54
50 35
60 68
67 35
51 56
50 63
34 40
32 66
35 48
33 48
61 59
35 69
50 42
55 37
35 67
35 67
52 35
70 55
52 68
68 68
50 42
56 67
65 32
31 35
62 56
40 66
69 66
60 31
56 48
38 51
38 50
61 37
34 39
57 70
62 69
52 61
68 54
40 63
48 54
31 33
35 35
58 58
46 51
53 45
50 66
37 37
47 60
67 70
55 70
39 49
59 38
44 65
57 41
50 40
33 69
64 62
60 66
48 42
64 62
56 54
40 54
53 47
44 65
59 62
61 62
30 66
56 56
50 62
63 50
31 61
