100 1000 1467
61 58
55 62
68 42
51 31
69 63
56 42
55 61
36 31
64 41
47 58
62 33
33 38
43 53
43 30
51 33
55 31
68 31
58 46
58 67
68 54
55 33
48 44
65 60
50 69
62 59
35 57
32 47
43 38
41 48
61 44
39 35
42 63
66 58
65 48
57 44
31 42
40 48
47 55
66 61
65 38
67 33
34 50
31 33
55 37
38 30
62 31
51 42
45 56
33 40
58 37
48 57
62 33
34 62
58 57
70 44
36 57
40 61
70 68
41 30
45 52
63 35
48 55
46 70
58 57
67 45
66 64
34 66
60 40
66 36
34 43
59 67
67 56
67 49
52 32
31 62
53 51
41 53
55 58
49 30
49 39
64 33
34 60
58 64
52 54
63 36
33 43
46 35
34 50
48 35
39 52
58 46
39 65
62 44
60 70
33 64
58 47
47 64
54 37
51 30
62 54
