100 1000 1544
68 33
39 32
30 66
51 61
62 46
35 67
64 31
64 56
46 36
58 66
45 57
50 41
68 65
46 65
31 67
57 68
56 60
43 60
61 50
47 62
33 64
61 34
57 67
30 55
52 61
50 35
33 70
43 43
34 42
46 32
52 40
60 58
33 63
37 66
37 47
55 46
55 63
59 64
67 69
37 55
51 40
65 36
41 30
37 34
60 55
50 31
54 66
37 33
42 38
34 40
55 47
34 37
46 50
56 54
31 50
56 33
45 57
38 35
61 58
63 55
50 37
41 55
55 36
70 70
67 44
63 66
66 38
44 32
44 53
60 67
70 63
46 50
46 31
67 32
45 54
54 45
58 48
33 67
46 51
58 32
39 36
39 46
41 54
40 31
60 33
43 34
30 65
40 47
47 67
51 53
49 64
52 63
40 45
57 53
58 56
66 53
42 42
63 33
31 33
65 57
