100 1000 1531
42 40
40 54
40 58
32 60
70 36
58 35
62 69
58 33
65 58
43 53
64 39
57 61
58 67
66 69
47 44
48 45
52 46
54 51
60 39
42 30
68 62
57 68
40 51
65 34
69 56
58 46
49 53
46 42
36 66
68 66
32 66
35 52
58 39
57 30
45 69
47 57
48 53
45 44
44 62
35 68
62 38
32 68
34 68
56 53
44 55
50 45
45 57
43 58
35 32
40 39
32 44
44 46
69 33
65 35
64 39
53 49
57 52
50 35
70 47
38 59
32 37
52 30
43 65
45 63
49 54
65 62
64 65
70 69
53 70
64 59
50 63
31 46
36 31
37 55
47 52
50 64
69 51
59 58
35 50
35 52
35 49
51 40
65 51
46 30
66 57
62 58
46 63
58 58
46 62
61 47
60 49
47 45
67 67
63 48
66 70
70 55
46 56
54 31
57 65
38 59
